221.0 143.96
1.0 95.8413
265.0 88.8895
5.0 87.1709
156.0 87.0467
23.0 74.4929
99.0 73.15
176.0 70.7
118.0 65.2594
10.0 62.0481
219.0 60.364
84.0 60.3
214.0 60.2163
215.0 58.4534
206.0 58.3567
6.0 58.3353
93.0 57.9805
86.0 57.9779
194.0 55.8126
180.0 55.707
28.0 54.5548
132.0 53.8901
154.0 53.8898
245.0 53.1737
130.0 53.1701
172.0 52.96
56.0 51.9359
117.0 50.9095
44.0 50.4206
157.0 50.3595
187.0 49.9067
201.0 49.8116
46.0 49.0608
115.0 48.5482
253.0 47.8546
251.0 47.6243
216.0 46.9914
8.0 46.4231
58.0 46.4004
134.0 45.5799
184.0 44.3396
11.0 44.1916
138.0 44.0621
2.0 43.9944
109.0 43.7911
191.0 43.1068
27.0 42.9032
124.0 42.5441
30.0 42.4993
204.0 41.7667
55.0 41.4249
122.0 41.0299
203.0 41.0196
208.0 40.9669
38.0 40.6074
135.0 39.6846
150.0 39.6728
197.0 39.4985
139.0 39.146
101.0 38.6354
210.0 38.4492
205.0 38.1459
171.0 37.8393
160.0 37.6698
51.0 37.5138
175.0 37.4372
218.0 37.4095
64.0 37.0646
81.0 36.2237
200.0 36.099
183.0 36.0292
248.0 35.7461
196.0 35.594
96.0 35.2114
259.0 35.1553
14.0 35.0693
59.0 34.9176
53.0 34.8339
195.0 34.6983
223.0 34.2642
63.0 34.1327
19.0 33.9446
252.0 33.8375
92.0 33.8134
213.0 33.7648
155.0 33.7198
149.0 33.7052
222.0 33.4823
18.0 33.4733
131.0 32.8792
98.0 32.8126
241.0 32.7829
108.0 32.7295
21.0 32.7284
3.0 32.527
70.0 32.5243
121.0 32.2701
240.0 32.2051
169.0 32.119
120.0 32.0361
31.0 32.0283
147.0 32.0042
258.0 32.0015
39.0 31.7251
136.0 31.6745
182.0 31.6072
15.0 31.5743
57.0 31.5063
254.0 31.4959
91.0 31.3318
32.0 31.2206
78.0 30.9661
76.0 30.849
71.0 30.7199
22.0 30.5697
16.0 30.5049
67.0 30.4801
82.0 30.2869
35.0 29.95
128.0 29.7009
29.0 29.6833
119.0 29.6272
227.0 29.6203
72.0 29.6158
60.0 29.5431
212.0 29.5103
177.0 29.4399
20.0 29.3749
85.0 29.2695
235.0 29.0198
77.0 29.0032
220.0 28.9657
73.0 28.8409
174.0 28.8212
94.0 28.8032
89.0 28.7123
9.0 28.4332
202.0 28.397
165.0 27.8637
47.0 27.5643
102.0 27.4093
185.0 27.3865
228.0 27.3122
123.0 27.2217
95.0 27.2208
126.0 27.1106
250.0 26.6448
257.0 26.5583
198.0 26.36
242.0 26.1816
26.0 25.8771
62.0 25.6248
192.0 25.2443
225.0 25.1712
88.0 24.6932
105.0 24.6275
145.0 24.4609
167.0 24.4193
243.0 24.3009
133.0 24.12
61.0 24.0804
226.0 23.8426
173.0 23.7814
87.0 23.5435
12.0 23.4273
69.0 23.2881
261.0 23.1956
13.0 23.1652
127.0 23.0141
209.0 22.91
188.0 22.8526
54.0 22.3611
264.0 22.3376
247.0 22.0245
36.0 21.9963
217.0 21.974
178.0 21.8661
37.0 21.815
260.0 21.7057
66.0 21.6856
153.0 21.5398
80.0 21.3496
232.0 21.3414
33.0 21.2743
190.0 20.8551
168.0 20.5846
65.0 20.5333
45.0 20.5171
159.0 20.2903
17.0 20.2377
244.0 19.8119
83.0 19.6517
231.0 19.5724
49.0 19.5102
40.0 19.5015
52.0 19.3183
230.0 19.2483
256.0 19.2473
189.0 19.2434
129.0 19.0473
106.0 18.8302
181.0 18.7556
25.0 18.7445
255.0 18.6518
148.0 18.5097
112.0 18.3382
158.0 18.1207
163.0 18.0527
4.0 18.0203
233.0 17.982
125.0 17.9297
161.0 17.8918
186.0 17.8715
144.0 17.7877
97.0 17.6168
211.0 17.5822
224.0 17.5392
162.0 17.5314
164.0 17.4713
68.0 17.4322
170.0 17.3664
50.0 17.3533
100.0 17.3414
246.0 17.3379
48.0 17.222
34.0 17.1102
140.0 17.0132
114.0 16.9358
79.0 16.7748
116.0 16.7669
262.0 16.6472
249.0 16.5517
107.0 16.5017
43.0 16.4831
179.0 16.4741
137.0 16.3901
111.0 16.3846
166.0 16.3499
234.0 16.2982
146.0 16.2966
113.0 16.2813
90.0 15.9606
142.0 15.9245
239.0 15.9115
143.0 15.8727
238.0 15.7955
229.0 15.7323
263.0 15.6035
24.0 15.5956
236.0 15.2661
151.0 15.2297
141.0 15.1339
75.0 14.8975
42.0 14.7789
237.0 14.7664
152.0 14.7457
74.0 14.546
41.0 14.353
7.0 14.2639
193.0 11.0905
207.0 10.9744
pulocationid 0
