0.0 2.7155
0.01 1.99504
0.02 1.74514
0.03 1.87034
0.04 1.73947
0.05 2.06491
0.06 2.22532
0.07 1.85908
0.08 1.75544
0.09 1.92083
0.1 1.20335
0.11 1.57681
0.12 1.50085
0.13 2.33373
0.14 1.57302
0.15 1.49595
0.16 1.19598
0.17 1.39169
0.18 1.22603
0.19 1.1245
0.2 0.812286
0.21 0.909057
0.22 0.855463
0.23 0.939888
0.24 0.936774
0.25 0.981752
0.26 0.933709
0.27 0.908311
0.28 0.942641
0.29 0.872407
0.3 0.844032
0.31 0.990858
0.32 0.840025
0.33 0.879048
0.34 0.922256
0.35 0.892041
0.36 0.895464
0.37 0.886935
0.38 0.919388
0.39 0.912493
0.4 0.922371
0.41 0.92066
0.42 0.921199
0.43 0.946655
0.44 0.945701
0.45 0.968622
0.46 0.974673
0.47 0.959472
0.48 0.963565
0.49 0.991705
0.5 0.994565
0.51 0.996757
0.52 1.02501
0.53 1.022
0.54 1.01126
0.55 1.0322
0.56 1.02353
0.57 1.03986
0.58 1.0583
0.59 1.06005
0.6 1.0745
0.61 1.07526
0.62 1.08862
0.63 1.06926
0.64 1.09376
0.65 1.10654
0.66 1.10154
0.67 1.13054
0.68 1.10686
0.69 1.12476
0.7 1.14313
0.71 1.15461
0.72 1.1499
0.73 1.15595
0.74 1.16664
0.75 1.16128
0.76 1.16284
0.77 1.1872
0.78 1.18321
0.79 1.1871
0.8 1.20706
0.81 1.20074
0.82 1.2047
0.83 1.211
0.84 1.23029
0.85 1.23323
0.86 1.24461
0.87 1.24962
0.88 1.24859
0.89 1.25287
0.9 1.26584
0.91 1.26347
0.92 1.26618
0.93 1.28329
0.94 1.28487
0.95 1.28023
0.96 1.30678
0.97 1.30589
0.98 1.33106
0.99 1.30526
1.0 1.33114
1.01 1.31984
1.02 1.32702
1.03 1.34409
1.04 1.35688
1.05 1.36359
1.06 1.34494
1.07 1.3705
1.08 1.38323
1.09 1.39381
1.1 1.38735
1.11 1.40024
1.12 1.386
1.13 1.40523
1.14 1.40247
1.15 1.40703
1.16 1.42319
1.17 1.41498
1.18 1.43387
1.19 1.43862
1.2 1.44106
1.21 1.44766
1.22 1.45625
1.23 1.46628
1.24 1.45346
1.25 1.45838
1.26 1.46126
1.27 1.47318
1.28 1.48119
1.29 1.50874
1.3 1.4941
1.31 1.49958
1.32 1.5211
1.33 1.51057
1.34 1.51079
1.35 1.51698
1.36 1.53997
1.37 1.53084
1.38 1.54634
1.39 1.55747
1.4 1.55141
1.41 1.56581
1.42 1.56257
1.43 1.57228
1.44 1.56834
1.45 1.57025
1.46 1.58387
1.47 1.57064
1.48 1.55904
1.49 1.59207
1.5 1.59842
1.51 1.59946
1.52 1.61368
1.53 1.58899
1.54 1.61486
1.55 1.6176
1.56 1.61631
1.57 1.64314
1.58 1.62915
1.59 1.65455
1.6 1.64055
1.61 1.64451
1.62 1.64323
1.63 1.65017
1.64 1.66559
1.65 1.66381
1.66 1.65974
1.67 1.6867
1.68 1.69122
1.69 1.71646
1.7 1.69538
1.71 1.70346
1.72 1.72357
1.73 1.70258
1.74 1.72338
1.75 1.70164
1.76 1.70986
1.77 1.75137
1.78 1.71493
1.79 1.76598
1.8 1.73825
1.81 1.74593
1.82 1.76288
1.83 1.76013
1.84 1.73419
1.85 1.76483
1.86 1.80905
1.87 1.76059
1.88 1.78561
1.89 1.78359
1.9 1.77818
1.91 1.80974
1.92 1.80984
1.93 1.81656
1.94 1.84085
1.95 1.82484
1.96 1.8014
1.97 1.80945
1.98 1.81665
1.99 1.78483
2.0 1.82454
2.01 1.82456
2.02 1.85801
2.03 1.83582
2.04 1.85378
2.05 1.87466
2.06 1.8725
2.07 1.86247
2.08 1.86915
2.09 1.89525
2.1 1.86012
2.11 1.87331
2.12 1.87044
2.13 1.87687
2.14 1.89922
2.15 1.90701
2.16 1.91193
2.17 1.94981
2.18 1.91628
2.19 1.91488
2.2 1.91566
2.21 1.90922
2.22 1.93086
2.23 1.92511
2.24 1.93821
2.25 1.93477
2.26 1.96395
2.27 1.92753
2.28 1.94702
2.29 1.94714
2.3 1.94543
2.31 2.05124
2.32 1.93694
2.33 1.9761
2.34 1.97132
2.35 1.98503
2.36 1.99604
2.37 1.97638
2.38 1.97609
2.39 1.98344
2.4 1.98457
2.41 2.00949
2.42 2.04553
2.43 2.04596
2.44 2.03217
2.45 2.05958
2.46 2.03729
2.47 2.05553
2.48 2.06607
2.49 2.02308
2.5 2.03978
2.51 2.06635
2.52 2.04517
2.53 2.01136
2.54 2.06273
2.55 2.01667
2.56 2.0637
2.57 2.0256
2.58 2.05963
2.59 2.04103
2.6 2.05326
2.61 2.06141
2.62 2.0989
2.63 2.09381
2.64 2.08329
2.65 2.07138
2.66 2.11939
2.67 2.06738
2.68 2.13436
2.69 2.11025
2.7 2.0756
2.71 2.09911
2.72 2.12038
2.73 2.12775
2.74 2.16119
2.75 2.15598
2.76 2.14708
2.77 2.14747
2.78 2.14758
2.79 2.14523
2.8 2.12847
2.81 2.13192
2.82 2.16036
2.83 2.16183
2.84 2.1315
2.85 2.15144
2.86 2.18356
2.87 2.12427
2.88 2.12455
2.89 2.16466
2.9 2.16151
2.91 2.16745
2.92 2.15136
2.93 2.18476
2.94 2.22117
2.95 2.24284
2.96 2.21546
2.97 2.21163
2.98 2.17879
2.99 2.18905
3.0 2.20374
3.01 2.2228
3.02 2.26898
3.03 2.16562
3.04 2.24019
3.05 2.21367
3.06 2.22903
3.07 2.2692
3.08 2.25884
3.09 2.28467
3.1 2.21494
3.11 2.27958
3.12 2.20338
3.13 2.29689
3.14 2.28926
3.15 2.22558
3.16 2.3311
3.17 2.37525
3.18 2.29804
3.19 2.27866
3.2 2.24704
3.21 2.30874
3.22 2.28587
3.23 2.29815
3.24 2.24905
3.25 2.31701
3.26 2.29373
3.27 2.3374
3.28 2.36812
3.29 2.32328
3.3 2.28849
3.31 2.32746
3.32 2.27107
3.33 2.40281
3.34 2.29769
3.35 2.24899
3.36 2.2563
3.37 2.32605
3.38 2.34969
3.39 2.36248
3.4 2.29993
3.41 2.38505
3.42 2.38036
3.43 2.3486
3.44 2.31766
3.45 2.3651
3.46 2.38074
3.47 2.40664
3.48 2.46092
3.49 2.38489
3.5 2.34809
3.51 2.42858
3.52 2.36054
3.53 2.42189
3.54 2.45934
3.55 2.3301
3.56 2.45368
3.57 2.4174
3.58 2.42402
3.59 2.43944
3.6 2.35706
3.61 2.41465
3.62 2.48764
3.63 2.37811
3.64 2.44476
3.65 2.41517
3.66 2.4152
3.67 2.49183
3.68 2.40156
3.69 2.50105
3.7 2.39961
3.71 2.49132
3.72 2.448
3.73 2.47872
3.74 2.42821
3.75 2.49784
3.76 2.45719
3.77 2.48903
3.78 2.57398
3.79 2.46402
3.8 2.46239
3.81 2.50534
3.82 2.53036
3.83 2.44219
3.84 2.4324
3.85 2.45804
3.86 2.56693
3.87 2.52057
3.88 2.52723
3.89 2.44271
3.9 2.47914
3.91 2.54511
3.92 2.51601
3.93 2.55588
3.94 2.40867
3.95 2.50818
3.96 2.48337
3.97 2.59565
3.98 2.48704
3.99 2.50738
4.0 2.51836
4.01 2.59414
4.02 2.4943
4.03 2.54325
4.04 2.59377
4.05 2.68436
4.06 2.5536
4.07 2.59964
4.08 2.5738
4.09 2.57508
4.1 2.53077
4.11 2.65162
4.12 2.66122
4.13 2.55712
4.14 2.62085
4.15 2.58776
4.16 2.57797
4.17 2.63976
4.18 2.57022
4.19 2.6255
4.2 2.53127
4.21 2.69233
4.22 2.6633
4.23 2.67027
4.24 2.67366
4.25 2.64804
4.26 2.53715
4.27 2.59318
4.28 2.53714
4.29 2.80394
4.3 2.59918
4.31 2.55731
4.32 2.6734
4.33 2.66802
4.34 2.54976
4.35 2.65134
4.36 2.65781
4.37 2.57235
4.38 2.70146
4.39 2.59729
4.4 2.57536
4.41 2.72991
4.42 2.60118
4.43 2.51435
4.44 2.61454
4.45 2.57016
4.46 2.72186
4.47 2.66266
4.48 2.64797
4.49 2.62758
4.5 2.66216
4.51 2.58402
4.52 2.58652
4.53 2.76954
4.54 2.6835
4.55 2.69991
4.56 2.6387
4.57 2.71149
4.58 2.62421
4.59 2.76887
4.6 2.62888
4.61 2.62817
4.62 2.71185
4.63 2.60372
4.64 2.65606
4.65 2.91345
4.66 2.73385
4.67 2.70398
4.68 2.58998
4.69 2.69487
4.7 2.66783
4.71 2.7373
4.72 2.70721
4.73 2.73096
4.74 2.77881
4.75 2.74622
4.76 2.53168
4.77 2.69161
4.78 2.68
4.79 2.66281
4.8 2.68008
4.81 2.76937
4.82 2.76741
4.83 2.78339
4.84 2.77524
4.85 2.73859
4.86 2.89697
4.87 2.82096
4.88 2.79609
4.89 2.69744
4.9 2.82067
4.91 2.7789
4.92 2.68274
4.93 2.83851
4.94 2.84701
4.95 2.74014
4.96 2.7792
4.97 2.81976
4.98 2.8602
4.99 2.89575
5.0 2.80895
5.01 2.67204
5.02 3.01285
5.03 2.74685
5.04 2.70479
5.05 2.83931
5.06 2.93038
5.07 2.72822
5.08 2.81463
5.09 2.80047
5.1 2.72443
5.11 2.82518
5.12 2.74401
5.13 2.8132
5.14 2.73993
5.15 2.83808
5.16 2.79686
5.17 2.76317
5.18 2.80928
5.19 2.83855
5.2 2.79064
5.21 3.04831
5.22 2.71603
5.23 2.78604
5.24 2.92254
5.25 2.87207
5.26 2.80544
5.27 2.87042
5.28 2.87302
5.29 2.81661
5.3 2.84239
5.31 3.0663
5.32 2.78787
5.33 2.88895
5.34 2.78193
5.35 2.72401
5.36 2.78454
5.37 2.99093
5.38 2.81615
5.39 2.84409
5.4 2.75746
5.41 2.88637
5.42 2.90225
5.43 2.88366
5.44 2.88389
5.45 2.8778
5.46 2.85304
5.47 2.91072
5.48 2.88736
5.49 2.9219
5.5 2.82377
5.51 2.89643
5.52 2.86222
5.53 3.13099
5.54 2.85982
5.55 2.99787
5.56 2.94997
5.57 2.87473
5.58 2.92549
5.59 2.88725
5.6 2.9263
5.61 3.05396
5.62 2.8478
5.63 2.95265
5.64 2.89957
5.65 2.88231
5.66 2.9053
5.67 2.93192
5.68 2.85213
5.69 2.90121
5.7 2.89432
5.71 2.95486
5.72 2.98907
5.73 3.11894
5.74 2.86098
5.75 2.98925
5.76 2.92261
5.77 2.81228
5.78 2.94739
5.79 3.04235
5.8 2.98343
5.81 2.95961
5.82 3.043
5.83 2.99643
5.84 3.03056
5.85 2.96168
5.86 2.99147
5.87 2.85549
5.88 2.98914
5.89 3.11365
5.9 2.99406
5.91 2.97766
5.92 3.04217
5.93 2.88128
5.94 3.10735
5.95 2.87712
5.96 2.9674
5.97 2.99213
5.98 3.00011
5.99 3.02894
6.0 3.00081
6.01 2.82229
6.02 2.98552
6.03 2.90548
6.04 2.93902
6.05 2.98644
6.06 2.98045
6.07 3.0281
6.08 2.98913
6.09 3.08811
6.1 3.01561
6.11 3.10477
6.12 3.2081
6.13 2.9807
6.14 2.97916
6.15 2.93717
6.16 3.05776
6.17 3.06521
6.18 2.90684
6.19 3.06086
6.2 3.06468
6.21 3.03288
6.22 3.10062
6.23 3.02395
6.24 3.08468
6.25 3.08801
6.26 3.01897
6.27 3.16868
6.28 3.05794
6.29 2.86508
6.3 3.11802
6.31 3.13874
6.32 3.16764
6.33 3.03232
6.34 2.88408
6.35 3.35082
6.36 2.99589
6.37 3.05018
6.38 3.20887
6.39 2.94874
6.4 3.18948
6.41 3.04602
6.42 3.00943
6.43 3.13942
6.44 3.03768
6.45 3.10577
6.46 3.10686
6.47 3.02274
6.48 3.069
6.49 3.30696
6.5 3.19725
6.51 3.1151
6.52 3.08179
6.53 3.10488
6.54 3.19421
6.55 3.18161
6.56 3.25141
6.57 2.99165
6.58 3.06988
6.59 3.32836
6.6 3.11952
6.61 3.29741
6.62 3.10641
6.63 3.277
6.64 3.13496
6.65 3.31616
6.66 3.32086
6.67 3.17416
6.68 3.0617
6.69 3.06325
6.7 3.39898
6.71 3.19055
6.72 3.07141
6.73 3.30535
6.74 3.25872
6.75 3.00523
6.76 2.98539
6.77 3.41396
6.78 3.25427
6.79 3.11462
6.8 3.33458
6.81 3.07692
6.82 3.29867
6.83 3.30877
6.84 3.23361
6.85 3.38407
6.86 3.30081
6.87 3.203
6.88 3.14662
6.89 3.17592
6.9 3.36108
6.91 3.11174
6.92 3.16032
6.93 3.46269
6.94 3.3562
6.95 3.3475
6.96 3.53075
6.97 3.11246
6.98 3.17513
6.99 3.26629
7.0 3.39778
7.01 3.36246
7.02 3.17889
7.03 3.24339
7.04 3.34889
7.05 3.35564
7.06 3.60228
7.07 3.39253
7.08 3.30918
7.09 3.31243
7.1 3.51363
7.11 3.2845
7.12 3.39111
7.13 3.36065
7.14 3.33775
7.15 3.5672
7.16 3.3281
7.17 3.43221
7.18 3.62115
7.19 3.34561
7.2 3.55544
7.21 3.24791
7.22 3.38829
7.23 3.20026
7.24 3.33839
7.25 3.54889
7.26 3.39299
7.27 3.4618
7.28 3.30597
7.29 3.32461
7.3 3.55418
7.31 3.38745
7.32 3.54853
7.33 3.49083
7.34 3.62073
7.35 3.50863
7.36 3.4873
7.37 3.33564
7.38 3.49615
7.39 3.37658
7.4 3.74166
7.41 3.72873
7.42 3.71608
7.43 3.55628
7.44 3.58464
7.45 3.55775
7.46 3.10054
7.47 3.47721
7.48 3.61509
7.49 3.90362
7.5 3.8297
7.51 3.66442
7.52 3.77928
7.53 3.42697
7.54 3.51485
7.55 3.83811
7.56 3.43788
7.57 4.04861
7.58 3.73031
7.59 3.62269
7.6 4.00189
7.61 3.55241
7.62 3.77877
7.63 3.73499
7.64 3.87851
7.65 3.84746
7.66 4.03944
7.67 3.54153
7.68 3.69114
7.69 3.79449
7.7 3.96893
7.71 3.94549
7.72 3.80659
7.73 3.81433
7.74 3.50929
7.75 3.88513
7.76 3.80717
7.77 3.82055
7.78 3.85893
7.79 4.0402
7.8 3.97921
7.81 3.93207
7.82 3.89462
7.83 3.98468
7.84 4.22013
7.85 4.02748
7.86 3.78286
7.87 3.88648
7.88 3.87937
7.89 3.95628
7.9 4.0728
7.91 3.9491
7.92 3.75421
7.93 3.95919
7.94 4.0676
7.95 4.29645
7.96 3.97916
7.97 4.02862
7.98 4.13418
7.99 3.99622
8.0 4.18049
8.01 4.24018
8.02 4.34948
8.03 4.069
8.04 4.00056
8.05 4.15259
8.06 3.91349
8.07 4.3364
8.08 4.82522
8.09 4.13898
8.1 4.36279
8.11 3.99237
8.12 3.80754
8.13 4.15292
8.14 4.23965
8.15 4.06103
8.16 4.31233
8.17 4.22471
8.18 3.96816
8.19 4.46616
8.2 4.27281
8.21 4.23793
8.22 4.17756
8.23 4.24845
8.24 4.24762
8.25 4.05836
8.26 4.36703
8.27 4.25443
8.28 4.29781
8.29 4.45714
8.3 4.45546
8.31 4.01453
8.32 4.32288
8.33 4.4285
8.34 4.30176
8.35 4.20917
8.36 4.69416
8.37 4.39877
8.38 4.33983
8.39 4.2722
8.4 4.56062
8.41 4.61404
8.42 4.37686
8.43 4.34707
8.44 4.6363
8.45 4.31665
8.46 4.05465
8.47 4.38388
8.48 4.21352
8.49 4.40571
8.5 4.46373
8.51 4.43749
8.52 4.34129
8.53 4.63806
8.54 4.41664
8.55 4.45349
8.56 4.18063
8.57 4.67568
8.58 4.417
8.59 4.44929
8.6 4.69119
8.61 4.45744
8.62 4.57102
8.63 4.38583
8.64 4.15824
8.65 4.42554
8.66 4.55903
8.67 4.55934
8.68 4.6805
8.69 4.37862
8.7 4.52962
8.71 4.20374
8.72 4.40962
8.73 4.24463
8.74 4.36173
8.75 4.47615
8.76 4.72339
8.77 4.42469
8.78 4.71519
8.79 4.77929
8.8 4.78205
8.81 4.46202
8.82 4.80508
8.83 4.44954
8.84 4.38464
8.85 4.72245
8.86 4.46956
8.87 4.42741
8.88 4.46897
8.89 4.45803
8.9 4.6544
8.91 4.51965
8.92 4.64944
8.93 4.4976
8.94 4.68169
8.95 4.46827
8.96 4.45506
8.97 4.6174
8.98 4.81859
8.99 4.6972
9.0 4.84554
9.01 4.33613
9.02 4.57839
9.03 4.44222
9.04 4.63294
9.05 4.74708
9.06 4.60231
9.07 4.72222
9.08 4.93002
9.09 4.40451
9.1 4.90665
9.11 4.577
9.12 4.70142
9.13 4.73353
9.14 4.98925
9.15 4.64912
9.16 4.51591
9.17 4.64931
9.18 4.78989
9.19 4.86772
9.2 4.84494
9.21 4.74786
9.22 4.7193
9.23 4.83632
9.24 4.95092
9.25 4.72762
9.26 4.57488
9.27 5.00351
9.28 4.94513
9.29 4.79166
9.3 5.00191
9.31 4.48701
9.32 4.90583
9.33 4.82845
9.34 4.92841
9.35 4.60794
9.36 4.85913
9.37 4.74439
9.38 4.54171
9.39 4.94042
9.4 5.01742
9.41 4.64661
9.42 4.65772
9.43 4.63452
9.44 4.87827
9.45 5.09782
9.46 4.70066
9.47 4.86
9.48 4.58764
9.49 4.81412
9.5 5.15261
9.51 4.73979
9.52 5.16352
9.53 5.02857
9.54 4.71903
9.55 4.9362
9.56 5.29542
9.57 4.88865
9.58 4.90924
9.59 4.60225
9.6 5.1634
9.61 4.64846
9.62 4.90249
9.63 5.05922
9.64 4.59855
9.65 5.06831
9.66 4.88481
9.67 5.10692
9.68 4.79617
9.69 5.1382
9.7 5.19469
9.71 4.96627
9.72 4.9467
9.73 5.01689
9.74 5.26083
9.75 5.06389
9.76 4.86665
9.77 4.86703
9.78 5.3674
9.79 5.24933
9.8 5.26697
9.81 5.02769
9.82 5.24523
9.83 5.09592
9.84 5.15345
9.85 5.01769
9.86 5.25074
9.87 5.0393
9.88 5.12415
9.89 5.05037
9.9 5.27529
9.91 5.18876
9.92 5.23
9.93 5.3195
9.94 5.15238
9.95 4.93339
9.96 5.25476
9.97 5.03864
9.98 5.26434
9.99 5.06672
10.0 5.30102
10.01 5.09912
10.02 4.92472
10.03 5.20791
10.04 4.84453
10.05 5.05743
10.06 5.25387
10.07 5.71828
10.08 5.41218
10.09 4.88768
10.1 5.20088
10.11 5.21633
10.12 4.8316
10.13 5.17955
10.14 4.65562
10.15 5.24576
10.16 4.95534
10.17 5.26483
10.18 5.14554
10.19 4.83614
10.2 5.27444
10.21 4.84453
10.22 5.0702
10.23 5.07445
10.24 5.11803
10.25 4.53549
10.26 5.22063
10.27 5.29892
10.28 5.22081
10.29 5.21628
10.3 5.24122
10.31 4.90447
10.32 5.45228
10.33 5.09641
10.34 4.61722
10.35 5.07831
10.36 5.12541
10.37 5.17889
10.38 5.13618
10.39 4.97796
10.4 5.32516
10.41 4.94574
10.42 5.21551
10.43 5.22909
10.44 5.14915
10.45 4.78213
10.46 5.05337
10.47 5.11441
10.48 5.39593
10.49 5.81945
10.5 5.15099
10.51 4.62028
10.52 4.92919
10.53 5.2595
10.54 5.43296
10.55 5.04314
10.56 5.35359
10.57 5.45573
10.58 4.94662
10.59 4.65916
10.6 5.24629
10.61 5.04295
10.62 5.12981
10.63 5.51256
10.64 5.3708
10.65 5.22351
10.66 4.87592
10.67 5.22809
10.68 5.46094
10.69 4.88484
10.7 4.96649
10.71 4.94368
10.72 4.78856
10.73 5.03797
10.74 4.96407
10.75 4.80666
10.76 5.17672
10.77 4.82787
10.78 5.2982
10.79 5.14545
10.8 5.08984
10.81 4.596
10.82 4.96557
10.83 5.01876
10.84 5.09184
10.85 5.02718
10.86 4.83928
10.87 5.11015
10.88 4.49773
10.89 4.88006
10.9 5.09667
10.91 4.8877
10.92 5.15442
10.93 4.73108
10.94 5.01733
10.95 4.89693
10.96 5.01094
10.97 4.38471
10.98 4.96206
10.99 4.58008
11.0 5.02947
11.01 4.82803
11.02 4.84455
11.03 4.57522
11.04 4.83771
11.05 5.21203
11.06 4.59195
11.07 5.42382
11.08 5.12124
11.09 4.70587
11.1 4.89475
11.11 4.78767
11.12 5.03623
11.13 5.09144
11.14 5.08524
11.15 5.11751
11.16 4.81944
11.17 4.97683
11.18 4.97776
11.19 4.68323
11.2 5.09897
11.21 4.73811
11.22 4.80167
11.23 5.14212
11.24 5.10178
11.25 5.15394
11.26 4.93729
11.27 4.74395
11.28 4.86639
11.29 5.54496
11.3 5.03209
11.31 5.04355
11.32 4.89335
11.33 4.59309
11.34 4.92465
11.35 4.91745
11.36 4.89116
11.37 5.1549
11.38 4.52937
11.39 4.60892
11.4 5.12027
11.41 5.0474
11.42 4.90316
11.43 4.802
11.44 4.59033
11.45 4.88255
11.46 4.76172
11.47 4.64137
11.48 4.83806
11.49 4.76981
11.5 5.09146
11.51 5.24841
11.52 4.78261
11.53 4.58904
11.54 4.77364
11.55 4.87805
11.56 5.42738
11.57 4.95426
11.58 4.8546
11.59 5.06683
11.6 4.79679
11.61 5.04345
11.62 4.82196
11.63 5.47289
11.64 4.70523
11.65 5.18491
11.66 5.11088
11.67 4.48333
11.68 4.76377
11.69 4.34259
11.7 5.02585
11.71 5.08993
11.72 5.02422
11.73 5.46259
11.74 5.06591
11.75 5.18068
11.76 5.1388
11.77 5.01943
11.78 4.57412
11.79 5.10529
11.8 5.1863
11.81 4.98927
11.82 5.08386
11.83 6.00884
11.84 5.00723
11.85 4.58582
11.86 5.52525
11.87 4.92475
11.88 5.1286
11.89 4.71601
11.9 4.97628
11.91 4.86366
11.92 4.93091
11.93 5.10476
11.94 4.75418
11.95 4.11762
11.96 4.94872
11.97 5.20769
11.98 4.84647
11.99 4.93213
12.0 4.99508
12.01 4.64519
12.02 4.62916
12.03 4.81719
12.04 5.05419
12.05 4.84329
12.06 5.22398
12.07 5.00158
12.08 5.16986
12.09 4.99214
12.1 4.89798
12.11 4.95526
12.12 5.89122
12.13 5.23793
12.14 4.85614
12.15 4.71944
12.16 5.09614
12.17 4.93313
12.18 5.35904
12.19 4.70469
12.2 5.17529
12.21 4.68992
12.22 5.27026
12.23 5.14721
12.24 4.77463
12.25 4.5346
12.26 4.56226
12.27 4.64212
12.28 5.19174
12.29 5.6623
12.3 5.31831
12.31 4.8748
12.32 5.30978
12.33 5.00217
12.34 5.05933
12.35 4.71544
12.36 4.3985
12.37 5.13595
12.38 5.03075
12.39 4.97591
12.4 4.8449
12.41 4.99644
12.42 4.88491
12.43 4.76752
12.44 5.3831
12.45 4.57595
12.46 4.84062
12.47 5.10906
12.48 4.69359
12.49 4.64908
12.5 5.0333
12.51 5.06141
12.52 4.62026
12.53 5.11294
12.54 4.42672
12.55 4.86646
12.56 4.55773
12.57 4.69839
12.58 4.9626
12.59 4.4966
12.6 5.06829
12.61 4.46567
12.62 5.09187
12.63 4.83055
12.64 4.4803
12.65 5.19415
12.66 4.7355
12.67 4.23406
12.68 4.76859
12.69 4.98226
12.7 5.09026
12.71 4.78596
12.72 4.48341
12.73 4.88665
12.74 4.9515
12.75 4.4279
12.76 4.86818
12.77 4.62112
12.78 5.02972
12.79 4.71037
12.8 5.04123
12.81 4.72898
12.82 4.76868
12.83 4.81033
12.84 5.28244
12.85 5.57624
12.86 5.33246
12.87 5.03395
12.88 4.30164
12.89 4.95685
12.9 5.20253
12.91 4.35769
12.92 4.51811
12.93 4.992
12.94 5.05258
12.95 5.03512
12.96 4.92147
12.97 5.36099
12.98 5.43015
12.99 5.15905
13.0 5.22756
13.01 5.04164
13.02 4.90566
13.03 4.36028
13.04 4.65371
13.05 4.97366
13.06 4.65293
13.07 4.38292
13.08 4.04083
13.09 5.53462
13.1 5.35924
13.11 4.6074
13.12 5.1756
13.13 4.59178
13.14 5.06
13.15 5.52022
13.16 4.42284
13.17 4.71756
13.18 5.24675
13.19 5.47363
13.2 5.62077
13.21 4.46489
13.22 4.8767
13.23 4.42224
13.24 4.84436
13.25 5.01249
13.26 4.30994
13.27 4.83385
13.28 5.17549
13.29 5.39268
13.3 5.12297
13.31 4.71657
13.32 4.78671
13.33 4.8279
13.34 5.20057
13.35 4.66278
13.36 5.21787
13.37 6.16732
13.38 5.9852
13.39 4.16529
13.4 5.51957
13.41 4.35636
13.42 5.0127
13.43 5.33251
13.44 5.79524
13.45 4.57877
13.46 4.93994
13.47 4.94449
13.48 5.16378
13.49 5.30506
13.5 5.23519
13.51 5.72107
13.52 4.43957
13.53 5.45624
13.54 4.76459
13.55 4.89126
13.56 4.45031
13.57 5.57373
13.58 4.96828
13.59 4.5341
13.6 5.03954
13.61 5.18578
13.62 4.57393
13.63 5.19351
13.64 4.77664
13.65 4.93771
13.66 5.1672
13.67 4.56649
13.68 5.15312
13.69 4.75258
13.7 5.43291
13.71 4.87895
13.72 4.67726
13.73 4.82424
13.74 5.5079
13.75 5.27415
13.76 4.93679
13.77 4.25448
13.78 4.34685
13.79 5.11434
13.8 5.67749
13.81 5.16238
13.82 5.06915
13.83 5.46886
13.84 5.80927
13.85 5.49296
13.86 5.15318
13.87 4.132
13.88 5.3109
13.89 5.46917
13.9 5.90625
13.91 4.90663
13.92 5.02529
13.93 4.66739
13.94 4.61778
13.95 5.43124
13.96 4.92951
13.97 6.50142
13.98 5.155
13.99 4.69778
14.0 5.65482
14.01 5.71632
14.02 4.48552
14.03 4.71106
14.04 5.03021
14.05 4.31069
14.06 5.87633
14.07 4.87417
14.08 4.61864
14.09 4.85763
14.1 5.7028
14.11 5.27898
14.12 4.97841
14.13 5.35308
14.14 6.47183
14.15 6.00624
14.16 5.32754
14.17 4.55524
14.18 3.95035
14.19 5.28199
14.2 5.84548
14.21 4.85119
14.22 4.88184
14.23 4.71065
14.24 5.32504
14.25 5.87604
14.26 4.26149
14.27 5.44459
14.28 5.63363
14.29 6.07201
14.3 5.37676
14.31 4.54131
14.32 5.29234
14.33 5.91954
14.34 4.69743
14.35 5.5719
14.36 4.28022
14.37 5.31338
14.38 5.18735
14.39 4.97121
14.4 5.35665
14.41 4.78416
14.42 5.09911
14.43 5.77595
14.44 5.01074
14.45 5.06133
14.46 5.46815
14.47 5.79223
14.48 4.61145
14.49 5.59102
14.5 5.60714
14.51 5.31507
14.52 5.63685
14.53 5.4966
14.54 4.98471
14.55 5.61529
14.56 4.96199
14.57 4.90526
14.58 4.76659
14.59 5.89092
14.6 5.80003
14.61 4.73852
14.62 6.4293
14.63 5.11798
14.64 4.50407
14.65 5.43978
14.66 5.02899
14.67 4.97939
14.68 5.83556
14.69 5.32707
14.7 6.17528
14.71 5.33843
14.72 4.92145
14.73 6.02399
14.74 5.46702
14.75 5.11015
14.76 4.87084
14.77 5.16103
14.78 5.50366
14.79 5.65765
14.8 5.99447
14.81 5.57855
14.82 5.54576
14.83 5.36773
14.84 5.71563
14.85 5.69045
14.86 4.88599
14.87 5.02138
14.88 5.31677
14.89 5.64684
14.9 6.17831
14.91 6.16627
14.92 5.13411
14.93 4.87229
14.94 5.27839
14.95 4.9781
14.96 5.15308
14.97 5.04859
14.98 4.49315
14.99 5.69214
15.0 6.07912
15.01 5.74611
15.02 6.11816
15.03 5.77727
15.04 5.71484
15.05 5.53152
15.06 5.942
15.07 5.71464
15.08 5.96429
15.09 5.96242
15.1 6.02025
15.11 6.3941
15.12 6.5928
15.13 5.86954
15.14 5.85673
15.15 6.09511
15.16 4.87418
15.17 5.16404
15.18 5.82602
15.19 5.40902
15.2 6.243
15.21 5.44288
15.22 6.07868
15.23 5.39709
15.24 5.82783
15.25 5.89547
15.26 6.45915
15.27 5.98955
15.28 6.40806
15.29 5.08344
15.3 6.42412
15.31 6.02323
15.32 5.80262
15.33 6.13869
15.34 6.28333
15.35 6.63869
15.36 5.67137
15.37 5.12641
15.38 5.51369
15.39 6.1277
15.4 6.2231
15.41 5.6171
15.42 5.63333
15.43 6.21244
15.44 6.10308
15.45 5.77406
15.46 6.20425
15.47 6.06439
15.48 5.88515
15.49 6.4298
15.5 6.49604
15.51 6.08213
15.52 6.24344
15.53 6.80607
15.54 5.84305
15.55 5.76623
15.56 6.07206
15.57 6.16642
15.58 5.66086
15.59 6.34422
15.6 6.3205
15.61 5.63876
15.62 6.47391
15.63 6.05367
15.64 5.58483
15.65 5.54618
15.66 5.38079
15.67 6.19699
15.68 6.01732
15.69 5.99873
15.7 6.7141
15.71 6.00117
15.72 6.68101
15.73 6.26891
15.74 7.02604
15.75 6.58167
15.76 6.34677
15.77 6.30316
15.78 6.29814
15.79 6.02344
15.8 6.80802
15.81 6.30645
15.82 6.48146
15.83 7.10288
15.84 5.82625
15.85 6.53898
15.86 6.28265
15.87 6.38029
15.88 5.80338
15.89 5.67758
15.9 6.74378
15.91 5.89392
15.92 6.69947
15.93 5.91033
15.94 6.52391
15.95 6.69264
15.96 6.26665
15.97 6.53232
15.98 6.24642
15.99 7.14386
16.0 7.15335
16.01 5.62266
16.02 6.42355
16.03 6.93994
16.04 7.05793
16.05 5.90597
16.06 6.95108
16.07 5.6958
16.08 7.00903
16.09 6.51883
16.1 7.21899
16.11 6.13156
16.12 7.03152
16.13 6.51202
16.14 6.36163
16.15 6.58295
16.16 6.62326
16.17 6.65013
16.18 6.75726
16.19 6.31646
16.2 7.07851
16.21 6.91215
16.22 6.84275
16.23 6.77779
16.24 6.8585
16.25 6.53394
16.26 7.2231
16.27 8.37944
16.28 7.63284
16.29 7.53979
16.3 7.1231
16.31 7.0772
16.32 7.73333
16.33 7.09811
16.34 7.10585
16.35 7.05014
16.36 7.01478
16.37 7.76032
16.38 6.94022
16.39 7.158
16.4 7.35176
16.41 7.74641
16.42 6.88707
16.43 6.8695
16.44 7.90711
16.45 6.46219
16.46 6.69837
16.47 7.2842
16.48 6.67722
16.49 6.86207
16.5 7.35422
16.51 7.78846
16.52 7.52479
16.53 7.40493
16.54 6.92817
16.55 6.82027
16.56 7.40485
16.57 7.05873
16.58 7.25965
16.59 7.70618
16.6 7.65628
16.61 6.99153
16.62 7.31028
16.63 7.00099
16.64 7.73489
16.65 7.35067
16.66 7.12158
16.67 6.17402
16.68 7.41305
16.69 7.09254
16.7 7.39366
16.71 7.18969
16.72 7.9449
16.73 6.8645
16.74 7.19
16.75 7.44033
16.76 6.59798
16.77 6.44652
16.78 7.36167
16.79 7.49278
16.8 7.70197
16.81 8.23119
16.82 7.23173
16.83 6.75474
16.84 7.14784
16.85 7.21298
16.86 6.90131
16.87 7.21201
16.88 7.51145
16.89 7.61929
16.9 7.38591
16.91 7.35541
16.92 6.35601
16.93 6.89874
16.94 7.75913
16.95 7.04104
16.96 7.77932
16.97 7.18086
16.98 7.79993
16.99 8.06664
17.0 7.44841
17.01 7.62671
17.02 7.76013
17.03 7.66632
17.04 7.22294
17.05 7.91952
17.06 7.39546
17.07 7.39342
17.08 7.68213
17.09 7.59626
17.1 7.72075
17.11 7.19054
17.12 7.68202
17.13 7.44225
17.14 7.7409
17.15 8.08649
17.16 7.08102
17.17 7.16153
17.18 6.77706
17.19 7.78677
17.2 7.40717
17.21 7.00799
17.22 7.37946
17.23 7.42123
17.24 7.85598
17.25 7.72639
17.26 7.64628
17.27 7.40688
17.28 8.02892
17.29 7.57363
17.3 7.36882
17.31 7.34016
17.32 8.33375
17.33 7.5772
17.34 7.17174
17.35 7.70959
17.36 7.87521
17.37 7.42331
17.38 8.06918
17.39 7.88202
17.4 7.45741
17.41 7.65997
17.42 7.44667
17.43 7.92901
17.44 7.96278
17.45 7.49935
17.46 7.88908
17.47 7.61671
17.48 7.57049
17.49 7.93758
17.5 7.28068
17.51 7.62744
17.52 7.6695
17.53 7.77884
17.54 8.06303
17.55 8.00791
17.56 7.62363
17.57 7.58046
17.58 8.03801
17.59 7.63545
17.6 7.27559
17.61 7.41509
17.62 7.89348
17.63 7.52641
17.64 7.38805
17.65 7.63565
17.66 7.521
17.67 7.45565
17.68 7.50677
17.69 7.79037
17.7 7.43697
17.71 7.48447
17.72 8.16236
17.73 7.93977
17.74 7.61961
17.75 7.42173
17.76 7.45754
17.77 7.35757
17.78 7.94063
17.79 7.54576
17.8 7.27093
17.81 7.06913
17.82 8.17985
17.83 7.58689
17.84 7.88877
17.85 7.60762
17.86 7.57468
17.87 7.81987
17.88 7.99232
17.89 7.43817
17.9 7.29761
17.91 7.86599
17.92 7.53348
17.93 7.65482
17.94 7.3452
17.95 7.15836
17.96 7.83038
17.97 7.11263
17.98 7.02526
17.99 8.1812
18.0 7.23785
18.01 7.07443
18.02 7.48366
18.03 7.4497
18.04 8.00512
18.05 7.69149
18.06 7.8435
18.07 7.43194
18.08 7.41246
18.09 7.17028
18.1 7.31821
18.11 7.04391
18.12 7.97876
18.13 6.88777
18.14 7.82723
18.15 7.9639
18.16 7.47319
18.17 7.42682
18.18 7.86393
18.19 7.6266
18.2 7.50781
18.21 7.38345
18.22 7.48547
18.23 8.00483
18.24 6.90602
18.25 7.22535
18.26 8.35666
18.27 7.51226
18.28 7.75303
18.29 8.11117
18.3 7.58658
18.31 7.5545
18.32 7.8264
18.33 7.39031
18.34 7.56392
18.35 7.31748
18.36 7.51825
18.37 7.90781
18.38 7.7769
18.39 7.1254
18.4 7.49609
18.41 8.50022
18.42 7.0783
18.43 8.44492
18.44 7.61997
18.45 7.37835
18.46 7.63269
18.47 7.70877
18.48 7.48542
18.49 7.35779
18.5 7.21175
18.51 7.79403
18.52 7.41328
18.53 8.27941
18.54 7.3224
18.55 7.68733
18.56 8.00347
18.57 7.63324
18.58 7.05961
18.59 7.63639
18.6 7.44172
18.61 8.20357
18.62 7.81007
18.63 7.24021
18.64 7.82818
18.65 7.70755
18.66 8.4115
18.67 7.8178
18.68 7.77718
18.69 8.23571
18.7 7.40999
18.71 7.50538
18.72 7.78589
18.73 7.64171
18.74 7.6539
18.75 7.4208
18.76 7.16446
18.77 7.22799
18.78 7.62704
18.79 7.93289
18.8 7.53777
18.81 8.55143
18.82 8.1567
18.83 7.34601
18.84 7.23347
18.85 7.64068
18.86 8.17169
18.87 7.30423
18.88 7.03886
18.89 7.54804
18.9 7.69089
18.91 8.14769
18.92 7.90266
18.93 7.55996
18.94 7.83202
18.95 7.54773
18.96 8.64915
18.97 7.75148
18.98 7.45009
18.99 7.19722
19.0 7.81044
19.01 6.98124
19.02 7.08491
19.03 8.46238
19.04 8.03097
19.05 7.15153
19.06 7.67811
19.07 6.91305
19.08 7.36846
19.09 7.87385
19.1 8.01141
19.11 8.36367
19.12 7.11878
19.13 7.91767
19.14 7.25502
19.15 6.87389
19.16 7.0817
19.17 8.05787
19.18 7.69471
19.19 7.67648
19.2 7.75038
19.21 8.26464
19.22 7.44314
19.23 7.7122
19.24 8.12379
19.25 8.26386
19.26 8.46207
19.27 8.19926
19.28 7.35066
19.29 7.48031
19.3 7.80446
19.31 8.61388
19.32 7.89476
19.33 7.92912
19.34 7.68433
19.35 7.73207
19.36 8.48747
19.37 7.7166
19.38 7.88212
19.39 7.95401
19.4 7.98723
19.41 8.20656
19.42 7.50466
19.43 8.05575
19.44 8.11528
19.45 8.18055
19.46 8.10467
19.47 7.14635
19.48 7.13865
19.49 8.45822
19.5 8.13648
19.51 8.38777
19.52 7.73027
19.53 8.6656
19.54 7.69817
19.55 7.83928
19.56 8.2248
19.57 9.18988
19.58 8.71375
19.59 7.69072
19.6 7.87515
19.61 8.27142
19.62 8.39019
19.63 7.97691
19.64 8.29229
19.65 8.12056
19.66 8.4879
19.67 7.50915
19.68 8.17647
19.69 7.04474
19.7 7.95847
19.71 7.99624
19.72 8.34105
19.73 7.58738
19.74 8.55051
19.75 7.99692
19.76 7.70905
19.77 8.18107
19.78 8.05152
19.79 8.33405
19.8 8.05918
19.81 9.74857
19.82 7.83685
19.83 7.95071
19.84 8.00261
19.85 7.83353
19.86 8.57527
19.87 8.47703
19.88 7.74292
19.89 8.35331
19.9 8.06439
19.91 7.38083
19.92 8.2306
19.93 7.82311
19.94 7.31479
19.95 7.42725
19.96 8.06693
19.97 7.30136
19.98 7.96465
19.99 7.94857
20.0 8.15086
20.01 8.40345
20.02 7.91783
20.03 7.29754
20.04 8.00107
20.05 8.53373
20.06 8.44736
20.07 8.1455
20.08 7.1609
20.09 7.7952
20.1 7.86168
20.11 7.29785
20.12 7.31391
20.13 7.03511
20.14 7.98709
20.15 8.46949
20.16 7.74581
20.17 7.11554
20.18 8.00286
20.19 7.71051
20.2 8.03747
20.21 8.25112
20.22 8.00992
20.23 6.88292
20.24 8.42598
20.25 8.23863
20.26 8.31145
20.27 8.61711
20.28 8.00929
20.29 7.83581
20.3 8.09954
20.31 8.32898
20.32 7.71992
20.33 9.07651
20.34 7.99561
20.35 6.9355
20.36 7.69707
20.37 8.06094
20.38 7.91277
20.39 7.69297
20.4 7.79499
20.41 8.65891
20.42 8.92847
20.43 7.96277
20.44 8.1776
20.45 8.14444
20.46 8.30035
20.47 8.22169
20.48 8.1175
20.49 7.51353
20.5 8.16866
20.51 7.98116
20.52 8.36043
20.53 7.51104
20.54 7.78398
20.55 8.43811
20.56 8.01411
20.57 8.3508
20.58 7.70764
20.59 7.37016
20.6 7.95349
20.61 8.67775
20.62 8.2463
20.63 8.08619
20.64 7.79697
20.65 8.71
20.66 8.22032
20.67 7.17327
20.68 7.55031
20.69 7.73878
20.7 7.68449
20.71 8.9021
20.72 7.56191
20.73 7.15188
20.74 8.85667
20.75 7.98075
20.76 8.29123
20.77 8.12773
20.78 7.995
20.79 8.52079
20.8 7.27008
20.81 7.80364
20.82 8.28278
20.83 7.16406
20.84 7.90518
20.85 8.52167
20.86 8.1891
20.87 8.23142
20.88 8.67857
20.89 7.7762
20.9 8.0036
20.91 8.07392
20.92 7.53711
20.93 7.86462
20.94 8.21471
20.95 7.65773
20.96 7.37136
20.97 8.50454
20.98 7.15821
20.99 8.41804
21.0 7.59438
21.01 7.89366
21.02 8.24727
21.03 8.12
21.04 7.31892
21.05 8.10209
21.06 7.59907
21.07 7.83514
21.08 6.92515
21.09 7.48323
21.1 8.19165
21.11 7.01566
21.12 7.56406
21.13 8.63978
21.14 7.7874
21.15 7.18707
21.16 7.1801
21.17 8.47486
21.18 7.48486
21.19 8.06283
21.2 7.02374
21.21 7.43041
21.22 7.90337
21.23 7.41477
21.24 7.77071
21.25 7.60683
21.26 6.94977
21.27 7.81562
21.28 8.29103
21.29 8.18519
21.3 8.14892
21.31 7.89021
21.32 6.54728
21.33 8.13282
21.34 7.13433
21.35 7.51162
21.36 6.89488
21.37 7.88526
21.38 7.99802
21.39 7.28916
21.4 7.64096
21.41 7.63333
21.42 7.23123
21.43 8.15767
21.44 5.93446
21.45 6.00876
21.46 7.7757
21.47 7.36032
21.48 7.4172
21.49 8.64458
21.5 7.48406
21.51 7.29
21.52 7.46783
21.53 7.82397
21.54 7.88204
21.55 5.71438
21.56 7.65475
21.57 7.34568
21.58 6.44775
21.59 4.62545
21.6 7.66395
21.61 7.64986
21.62 6.89775
21.63 7.6763
21.64 7.46427
21.65 7.82309
21.66 6.56933
21.67 7.17
21.68 8.15955
21.69 8.47011
21.7 7.709
21.71 8.10442
21.72 7.43424
21.73 8.19184
21.74 6.9574
21.75 7.3426
21.76 7.25231
21.77 6.88632
21.78 8.14515
21.79 5.715
21.8 7.49278
21.81 6.555
21.82 8.42439
21.83 7.46237
21.84 6.33987
21.85 7.25761
21.86 6.69547
21.87 6.62985
21.88 6.92321
21.89 7.18886
21.9 7.58599
21.91 6.85804
21.92 6.48324
21.93 7.40523
21.94 8.67419
21.95 6.77306
21.96 6.62889
21.97 7.21117
21.98 8.84353
21.99 5.74018
22.0 7.70148
22.01 5.98125
22.02 8.139
22.03 7.44274
22.04 6.45152
22.05 6.18204
22.06 6.56714
22.07 5.93154
22.08 4.37927
22.09 7.04
22.1 7.10117
22.11 6.08114
22.12 6.75183
22.13 8.79016
22.14 8.2528
22.15 8.56917
22.16 9.50682
22.17 6.87794
22.18 5.95429
22.19 6.20103
22.2 6.98298
22.21 6.98056
22.22 6.72395
22.23 7.2266
22.24 8.0907
22.25 7.37042
22.26 8.06651
22.27 7.92513
22.28 7.16935
22.29 5.91976
22.3 7.25714
22.31 6.05044
22.32 7.06238
22.33 7.27295
22.34 6.71156
22.35 8.42174
22.36 4.65756
22.37 4.74432
22.38 5.36742
22.39 6.65979
22.4 6.88496
22.41 7.31614
22.42 6.45279
22.43 5.37125
22.44 8.87911
22.45 5.37438
22.46 8.04677
22.47 8.05214
22.48 7.47275
22.49 6.26089
22.5 7.96126
22.51 5.38091
22.52 7.82553
22.53 5.13075
22.54 8.40242
22.55 8.69075
22.56 5.84575
22.57 6.5863
22.58 7.59769
22.59 5.64643
22.6 6.52388
22.61 7.14611
22.62 6.77472
22.63 6.48923
22.64 7.11316
22.65 9.16879
22.66 6.29808
22.67 7.16892
22.68 5.97189
22.69 9.36364
22.7 6.9637
22.71 6.09429
22.72 8.60212
22.73 6.77313
22.74 6.59139
22.75 7.63182
22.76 7.9785
22.77 6.41964
22.78 5.86433
22.79 4.82
22.8 6.73928
22.81 7.9
22.82 5.40528
22.83 5.45086
22.84 8.81486
22.85 7.64406
22.86 10.5346
22.87 7.66842
22.88 7.30727
22.89 7.58115
22.9 6.66235
22.91 5.74625
22.92 7.52516
22.93 5.72622
22.94 9.18
22.95 7.5269
22.96 4.74214
22.97 6.42156
22.98 8.43962
22.99 7.495
23.0 7.04087
23.01 6.06594
23.02 4.87034
23.03 5.3025
23.04 6.3924
23.05 8.16591
23.06 8.27957
23.07 8.07292
23.08 8.18958
23.09 7.6948
23.1 6.62628
23.11 6.08406
23.12 3.5528
23.13 3.48667
23.14 7.231
23.15 6.22583
23.16 9.1824
23.17 8.528
23.18 4.63769
23.19 5.88
23.2 6.20423
23.21 7.8072
23.22 7.017
23.23 8.045
23.24 8.84136
23.25 7.26167
23.26 6.51704
23.27 2.78769
23.28 6.1125
23.29 7.99647
23.3 5.10248
23.31 5.9625
23.32 6.74185
23.33 5.48316
23.34 7.08455
23.35 5.98348
23.36 8.36267
23.37 8.18607
23.38 6.08045
23.39 5.75143
23.4 6.89893
23.41 7.22294
23.42 3.94
23.43 4.25344
23.44 3.84174
23.45 5.46
23.46 7.23455
23.47 5.64765
23.48 8.07
23.49 5.80737
23.5 4.95011
23.51 5.98474
23.52 5.1456
23.53 5.82737
23.54 4.22565
23.55 6.57444
23.56 5.41545
23.57 4.906
23.58 6.2537
23.59 5.90542
23.6 6.4329
23.61 7.96524
23.62 4.14682
23.63 7.026
23.64 11.7008
23.65 5.32588
23.66 7.80389
23.67 6.83222
23.68 7.21333
23.69 5.63105
23.7 6.67831
23.71 4.27478
23.72 7.55714
23.73 7.99364
23.74 5.86929
23.75 6.41217
23.76 4.86474
23.77 4.41421
23.78 5.19652
23.79 6.45222
23.8 6.89901
23.81 7.30176
23.82 3.9675
23.83 8.493
23.84 7.2696
23.85 12.0829
23.86 9.02125
23.87 7.45632
23.88 4.20684
23.89 5.21667
23.9 9.39346
23.91 10.1992
23.92 5.67538
23.93 7.23944
23.94 5.83389
23.95 11.9808
23.96 5.15417
23.97 7.314
23.98 7.51176
23.99 10.812
24.0 7.18022
24.01 3.58429
24.02 2.42933
24.03 3.90818
24.04 6.75462
24.05 3.74478
24.06 7.82429
24.07 7.58696
24.08 8.09867
24.09 9.12333
24.1 9.26934
24.11 8.27211
24.12 5.25611
24.13 10.9233
24.14 5.73636
24.15 5.74235
24.16 8.596
24.17 6.35316
24.18 7.418
24.19 11.3189
24.2 7.92924
24.21 5.104
24.22 8.42917
24.23 8.63211
24.24 6.2325
24.25 5.98267
24.26 7.66444
24.27 8.14222
24.28 7.45722
24.29 10.0133
24.3 6.61338
24.31 5.68857
24.32 7.253
24.33 7.84235
24.34 6.328
24.35 6.72882
24.36 5.03455
24.37 4.58778
24.38 5.78667
24.39 4.00824
24.4 7.47901
24.41 8.355
24.42 10.9831
24.43 6.29875
24.44 6.677
24.45 13.2983
24.46 6.00222
24.47 6.64294
24.48 3.87467
24.49 6.69375
24.5 6.11339
24.51 7.10437
24.52 7.14778
24.53 6.792
24.54 5.67111
24.55 8.44429
24.56 9.464
24.57 8.76938
24.58 9.10923
24.59 3.05813
24.6 8.15258
24.61 13.6707
24.62 6.04
24.63 8.605
24.64 3.55091
24.65 7.916
24.66 3.66437
24.67 6.03667
24.68 5.86333
24.69 7.44867
24.7 6.68259
24.71 10.455
24.72 3.83583
24.73 10.1
24.74 6.29437
24.75 5.72294
24.76 6.024
24.77 7.51385
24.78 8.22067
24.79 4.91467
24.8 8.19403
24.81 7.05385
24.82 5.28733
24.83 6.45615
24.84 6.85375
24.85 7.02909
24.86 8.91417
24.87 6.66857
24.88 4.62364
24.89 2.685
24.9 6.99773
24.91 4.99923
24.92 3.96909
24.93 4.615
24.94 8.30727
24.95 3.12214
24.96 6.68812
24.97 6.44364
24.98 9.387
24.99 3.07455
25.0 8.10815
25.01 3.2425
25.02 3.6525
25.03 6.38471
25.04 9.87267
25.05 9.57636
25.06 6.51455
25.07 9.215
25.08 4.15538
25.09 10.0686
25.1 7.66141
25.11 9.18769
25.12 5.5125
25.13 4.55467
25.14 11.1006
25.15 6.85692
25.16 5.80462
25.17 9.25056
25.18 10.3482
25.19 7.49571
25.2 8.50672
25.21 4.698
25.22 9.74
25.23 8.27154
25.24 10.9184
25.25 8.88905
25.26 6.27182
25.27 7.92
25.28 6.74333
25.29 5.10714
25.3 7.56036
25.31 4.85091
25.32 7.80667
25.33 7.052
25.34 4.04615
25.35 6.27556
25.36 5.63158
25.37 10.4377
25.38 5.42867
25.39 11.3383
25.4 8.49482
25.41 9.3175
25.42 6.61385
25.43 9.68
25.44 10.171
25.45 13.288
25.46 6.60429
25.47 4.69364
25.48 5.58091
25.49 7.708
25.5 7.47429
25.51 5.18077
25.52 9.06857
25.53 6.866
25.54 7.72545
25.55 11.0181
25.56 10.5767
25.57 6.1
25.58 4.64636
25.59 8.50583
25.6 8.85415
25.61 0.6
25.62 5.73417
25.63 10.732
25.64 5.91
25.65 5.10615
25.66 4.75812
25.67 6.80308
25.68 9.31571
25.69 7.72636
25.7 8.25857
25.71 3.87
25.72 9.115
25.73 8.59389
25.74 4.29357
25.75 7.93333
25.76 9.45667
25.77 6.99636
25.78 4.40286
25.79 6.0925
25.8 7.69429
25.81 9.34727
25.82 4.81214
25.83 9.24
25.84 12.4583
25.85 7.07917
25.86 11.4282
25.87 9.01231
25.88 8.482
25.89 13.6509
25.9 8.85849
25.91 8.66286
25.92 2.34077
25.93 8.15636
25.94 5.32583
25.95 10.2215
25.96 6.80364
25.97 8.48353
25.98 5.85875
25.99 12.3424
26.0 8.22672
26.01 5.89
26.02 12.562
26.03 11.9869
26.04 8.63818
26.05 9.94538
26.06 5.57
26.07 8.41533
26.08 4.82
26.09 8.18667
26.1 7.38537
26.11 6.47375
26.12 12.7679
26.13 8.89389
26.14 6.81778
26.15 8.06923
26.16 6.15
26.17 8.00529
26.18 10.8294
26.19 6.59231
26.2 7.4011
26.21 9.89769
26.22 10.7613
26.23 4.874
26.24 7.02
26.25 7.25917
26.26 8.74545
26.27 15.497
26.28 2.08167
26.29 9.16059
26.3 10.1327
26.31 7.20889
26.32 3.696
26.33 6.83273
26.34 8.58417
26.35 4.77056
26.36 9.52
26.37 7.8725
26.38 10.04
26.39 7.20909
26.4 7.9513
26.41 5.69167
26.42 8.69955
26.43 13.1969
26.44 10.2356
26.45 13.0687
26.46 8.9815
26.47 10.2981
26.48 9.57455
26.49 10.2671
26.5 8.14675
26.51 6.7155
26.52 6.04923
26.53 10.1569
26.54 7.33385
26.55 9.52778
26.56 7.32333
26.57 8.95867
26.58 5.2395
26.59 9.18643
26.6 8.77
26.61 7.70286
26.62 11.3677
26.63 6.06143
26.64 6.79818
26.65 8.41643
26.66 10.5362
26.67 9.88947
26.68 9.03118
26.69 8.38
26.7 7.79648
26.71 11.1378
26.72 9.54
26.73 9.105
26.74 7.08111
26.75 11.801
26.76 10.6427
26.77 4.2781
26.78 8.50692
26.79 9.38867
26.8 9.63439
26.81 7.32538
26.82 10.89
26.83 12.0375
26.84 9.76429
26.85 5.24
26.86 12.5221
26.87 10.0417
26.88 14.4823
26.89 9.12462
26.9 6.91426
26.91 12.99
26.92 12.7079
26.93 6.27
26.94 7.90643
26.95 5.15111
26.96 11.2563
26.97 8.65176
26.98 5.36636
26.99 16.3314
27.0 8.20881
27.01 7.87455
27.02 7.55923
27.03 8.69692
27.04 4.89636
27.05 10.1636
27.06 6.58533
27.07 11.08
27.08 8.624
27.09 6.07
27.1 10.8888
27.11 8.47455
27.12 8.15467
27.13 11.1253
27.14 11.6794
27.15 8.38625
27.16 10.5094
27.17 10.949
27.18 5.483
27.19 11.2647
27.2 8.04922
27.21 6.575
27.22 9.617
27.23 11.2067
27.24 8.76773
27.25 10.9289
27.26 6.97091
27.27 7.85
27.28 8.552
27.29 5.40308
27.3 10.8854
27.31 7.566
27.32 7.84917
27.33 9.5725
27.34 7.65375
27.35 8.67
27.36 13.22
27.37 9.01429
27.38 6.54429
27.39 6.43833
27.4 10.6175
27.41 9.08909
27.42 13.8243
27.43 10.615
27.44 8.02833
27.45 8.92
27.46 13.995
27.47 10.7378
27.48 17.074
27.49 5.84333
27.5 8.41618
27.51 10.999
27.52 5.06714
27.53 6.22846
27.54 8.67917
27.55 7.13917
27.56 7.898
27.57 5.06273
27.58 5.996
27.59 5.96385
27.6 8.51966
27.61 9.4325
27.62 12.2933
27.63 8.75684
27.64 8.93091
27.65 14.5436
27.66 14.2622
27.67 8.45857
27.68 10.8389
27.69 9.64
27.7 10.2391
27.71 12.1045
27.72 7.21882
27.73 7.67556
27.74 15.1423
27.75 4.21
27.76 9.87467
27.77 11.1217
27.78 9.072
27.79 6.54375
27.8 7.72233
27.81 8.05875
27.82 8.454
27.83 11.5775
27.84 8.85895
27.85 3.93385
27.86 13.0171
27.87 14.72
27.88 7.45333
27.89 6.31562
27.9 10.265
27.91 11.8962
27.92 9.19692
27.93 9.38211
27.94 9.27455
27.95 5.63909
27.96 8.5925
27.97 11.6364
27.98 13.053
27.99 8.97333
28.0 7.35783
28.01 7.415
28.02 5.78308
28.03 10.7117
28.04 11.3682
28.05 8.80478
28.06 7.565
28.07 10.8756
28.08 13.7543
28.09 12.03
28.1 9.73764
28.11 7.44556
28.12 13.187
28.13 10.0017
28.14 7.29
28.15 8.47312
28.16 6.312
28.17 11.9707
28.18 12.821
28.19 11.2257
28.2 8.31963
28.21 4.436
28.22 9.43158
28.23 7.22857
28.24 7.64182
28.25 7.39846
28.26 5.36533
28.27 6.21429
28.28 9.485
28.29 9.35786
28.3 8.85067
28.31 2.785
28.32 11.7945
28.33 5.7175
28.34 8.95467
28.35 11.215
28.36 7.93308
28.37 10.0977
28.38 6.40778
28.39 7.70941
28.4 11.1309
28.41 5.08364
28.42 11.2577
28.43 11.486
28.44 9.49615
28.45 7.225
28.46 11.9957
28.47 8.911
28.48 2.04833
28.49 11.465
28.5 11.0729
28.51 7.984
28.52 6.58
28.53 10.9375
28.54 13.1175
28.55 9.45778
28.56 7.9525
28.57 6.41833
28.58 11.3308
28.59 7.56167
28.6 13.2849
28.61 6.98364
28.62 9.30474
28.63 7.49273
28.64 6.80667
28.65 7.537
28.66 8.856
28.67 13.1882
28.68 6.91125
28.69 14.5091
28.7 12.3857
28.71 9.54455
28.72 15.1933
28.73 4.54667
28.74 8.68
28.75 9.70444
28.76 11.3471
28.77 10.6111
28.78 10.477
28.79 11.8309
28.8 8.84667
28.81 7.48727
28.82 7.17143
28.83 7.45417
28.84 7.14
28.85 1.88286
28.86 14
28.87 9.09636
28.88 8.34471
28.89 3.356
28.9 9.254
28.91 8.65857
28.92 12.8433
28.93 14.5755
28.94 2.785
28.95 5.98143
28.96 7.5
28.97 13.8622
28.98 8.37833
28.99 8.142
29.0 10.0323
29.01 10.8425
29.02 6.805
29.03 10.62
29.04 9.884
29.05 5.68375
29.06 13.8267
29.07 6.14
29.08 6.44909
29.09 8.27375
29.1 8.88059
29.11 6.412
29.12 6.43556
29.13 3.20167
29.14 11.798
29.15 8.415
29.16 8.91556
29.17 17.96
29.18 7.82286
29.19 9.418
29.2 12.786
29.21 1.25
29.22 11.3583
29.23 13.78
29.24 6.88455
29.25 8.08833
29.26 10.7263
29.27 5.43714
29.28 5.45333
29.29 6.955
29.3 10.2804
29.31 0.714286
29.32 15.5244
29.33 7.51222
29.34 3.96333
29.35 16.215
29.36 8.8775
29.37 8.28889
29.38 11.0817
29.39 10.2143
29.4 8.73129
29.41 10.1533
29.42 8.02
29.43 7.55571
29.44 9.77833
29.45 3.38667
29.46 17.1617
29.47 15.65
29.48 2.456
29.49 7.01818
29.5 5.60706
29.51 9.53455
29.52 6
29.53 0
29.54 6.97429
29.55 9.78778
29.56 12.804
29.57 9.8375
29.58 6.95333
29.59 14.5733
29.6 7.94759
29.61 3.01
29.62 5.31091
29.63 0
29.64 10.02
29.65 4.14222
29.66 4
29.67 2.5
29.68 16.22
29.69 10.5311
29.7 10.4048
29.71 11.7383
29.72 15.012
29.73 5
29.74 12.0312
29.75 4.09333
29.76 11.156
29.77 9.44667
29.78 17.165
29.79 9.984
29.8 10.3154
29.81 9.812
29.82 7.165
29.83 7.16
29.84 9.66
29.85 5.88933
29.86 9.30333
29.87 17.135
29.88 7.5
29.89 18.96
29.9 7.2744
29.91 15.9083
29.92 4.9725
29.93 6.116
29.94 8.085
29.95 9.09333
29.96 14.6225
29.97 13.408
29.98 12.1667
29.99 9.268
30.0 8.40333
30.01 0
30.02 4.356
30.03 2.88
30.04 4.09333
30.05 8.296
30.06 8.57143
30.07 3.07
30.08 1.25
30.09 7.124
30.1 14.1369
30.11 9
30.12 7.72286
30.13 12.28
30.14 0
30.15 9.33
30.16 9.964
30.17 1.785
30.18 13.02
30.19 17.96
30.2 6.08417
30.21 0
30.22 30.48
30.23 7.845
30.24 6.7275
30.25 0
30.26 19.1233
30.27 15.6967
30.28 9.554
30.29 1.25
30.3 9.24269
30.31 0
30.32 12.36
30.33 14.2329
30.34 6.97333
30.35 21.604
30.36 0
30.37 5.62
30.38 4.09333
30.39 11.655
30.4 13.666
30.41 9.03167
30.42 9.09
30.43 9.90667
30.44 8.90889
30.45 6.33429
30.46 13.8875
30.47 14.14
30.48 11.7033
30.49 4.09333
30.5 5.89762
30.51 0
30.52 9.028
30.53 6.892
30.54 9.27111
30.55 3.86857
30.56 7.652
30.57 5
30.58 15.6867
30.59 3.75
30.6 17.7044
30.61 8.852
30.62 6.59
30.63 0
30.64 6.30571
30.65 6.385
30.66 10.885
30.67 6.565
30.68 14.43
30.69 6.59286
30.7 11.4437
30.71 8.888
30.72 14.1229
30.73 5
30.74 13.56
30.75 0
30.76 5
30.77 9.73667
30.78 13.0033
30.79 0
30.8 11.1458
30.81 0.25
30.83 10
30.84 5
30.85 18.5133
30.86 4.09333
30.87 0
30.88 0
30.89 13.365
30.9 9.68462
30.91 0
30.92 4.36
30.93 0
30.94 23.96
30.95 17.4333
30.96 31.815
30.97 0
30.98 9.87
30.99 8.656
31.0 16.5542
31.01 0
31.02 12.3114
31.03 8.84
31.04 9.71333
31.05 17.0733
31.06 0
31.07 7.68
31.08 12.5
31.09 8.33
31.1 12.79
31.11 13.915
31.12 3.68667
31.13 23.9533
31.14 17.9725
31.15 4.01333
31.16 0
31.17 1.275
31.18 7.07667
31.2 13.42
31.21 3.32
31.22 18.06
31.23 7.57
31.24 6.945
31.25 4.456
31.26 6.092
31.27 0
31.28 28.6
31.29 0
31.3 17.8753
31.31 0
31.32 16.835
31.33 9.54
31.34 0
31.35 15
31.36 15.8567
31.37 16.2725
31.38 0
31.39 5.2525
31.4 14.44
31.41 0
31.42 0
31.43 7.6575
31.44 5
31.45 0
31.46 0
31.47 0
31.48 33.295
31.49 3.82286
31.5 11.084
31.51 8.358
31.52 10.8333
31.53 19.37
31.54 17.088
31.55 7.50667
31.56 7.72667
31.57 10.2812
31.58 0
31.59 15.645
31.6 15.2471
31.61 6.49
31.63 8.74
31.64 0.733333
31.65 16.935
31.67 16.6867
31.68 25.79
31.69 7.065
31.7 10.9275
31.71 8.32
31.72 7.015
31.73 12.462
31.74 5
31.75 11.1825
31.76 16.3
31.77 26.27
31.78 13.065
31.79 18.7425
31.8 8.8992
31.81 12.98
31.82 27.47
31.83 0
31.84 9.04667
31.85 3
31.86 11.4133
31.87 1
31.88 8.42
31.89 0
31.9 10.1443
31.91 0
31.92 16.965
31.93 8.52
31.94 15
31.95 15
31.96 18.68
31.97 0
31.99 0
32.0 16.3429
32.01 0
32.02 11.79
32.03 12.5271
32.04 0
32.05 26.0867
32.06 0
32.07 10
32.08 14.4433
32.09 0
32.1 6.92909
32.11 2.5
32.12 5.228
32.13 0
32.14 0
32.15 15
32.16 21.6
32.17 7.54
32.18 17.09
32.19 20
32.2 14.0725
32.21 0
32.22 18.08
32.23 12.79
32.24 18.872
32.25 5
32.26 2.5
32.27 0
32.28 4.652
32.29 14.674
32.3 12.14
32.31 17.3933
32.33 7.015
32.34 0
32.35 12.79
32.36 8.15333
32.37 7.665
32.38 11
32.39 0.666667
32.4 6.60375
32.41 4.09333
32.42 18.495
32.43 18.1067
32.44 10.5483
32.45 0
32.46 13.912
32.47 20.4233
32.48 10.34
32.49 12.3725
32.5 16.1661
32.51 12.84
32.52 11.4675
32.53 8.33333
32.54 0
32.55 18.02
32.56 0
32.57 21.64
32.58 9.5
32.59 0
32.6 13.5818
32.62 14.1675
32.63 20.77
32.64 0
32.66 0
32.67 9.738
32.68 17.58
32.69 32.68
32.7 13.9585
32.71 19.548
32.72 0
32.73 17.86
32.74 25.3925
32.75 25.12
32.77 12.9233
32.78 12.06
32.79 0
32.8 10.005
32.81 3.33333
32.82 24.22
32.83 0
32.84 12.515
32.85 20.9533
32.86 19.18
32.87 0
32.88 20.38
32.89 27.05
32.9 27.33
32.91 14.74
32.92 0
32.93 1.5
32.94 0
32.95 10.984
32.96 22.29
32.97 6.08286
32.98 0
32.99 31.905
33.0 14.0058
33.01 0
33.02 7.5
33.03 11.5367
33.04 47.2867
33.05 17.5
33.06 18.355
33.07 0
33.08 12.5
33.09 0
33.1 9.681
33.11 14.02
33.12 16.5067
33.13 0.37
33.14 13.02
33.15 0
33.16 27.39
33.17 11.86
33.18 13.3333
33.19 16.58
33.2 9.38429
33.21 0.333333
33.22 0.1
33.23 22.02
33.24 12.5
33.25 10
33.27 0
33.29 0
33.3 11.6946
33.34 0
33.35 0
33.36 1.50125
33.37 19.905
33.38 8.32
33.39 5
33.4 6.53
33.41 0
33.42 5.02667
33.43 10
33.44 0
33.45 3.33333
33.46 0
33.47 0
33.49 10.032
33.5 28.875
33.52 10.53
33.53 27.18
33.54 7
33.57 12
33.58 14.2667
33.59 0
33.6 17.435
33.61 34.1
33.62 11.14
33.63 0
33.65 6.9025
33.66 12.2867
33.67 2
33.68 10.005
33.69 29.03
33.7 12.2191
33.71 14.8867
33.73 13.2367
33.74 5.356
33.75 23.98
33.76 27.38
33.77 18.98
33.78 0
33.79 13.38
33.8 16.75
33.81 13.815
33.82 6.51333
33.83 0
33.85 16.55
33.86 14.34
33.87 0
33.88 0
33.9 10.8387
33.91 27.21
33.92 4
33.93 8.45667
33.94 0
33.95 0
33.96 0
33.97 6.145
33.98 21.205
33.99 5
34.0 22.585
34.01 32.36
34.02 39.98
34.03 10.08
34.04 0
34.05 13.85
34.07 14.9733
34.08 0
34.09 15.38
34.1 16.1417
34.11 21.54
34.12 0
34.13 1.66667
34.15 19.38
34.16 0
34.18 17.1175
34.2 10.0017
34.21 0
34.22 0
34.23 0
34.24 14.69
34.25 7.5
34.27 0
34.29 15.8767
34.3 11.2257
34.31 0
34.32 9.28
34.33 0
34.34 13.105
34.35 3.5
34.36 44.22
34.37 10.33
34.4 8.33889
34.41 20
34.42 13.55
34.43 29.16
34.44 6.14
34.45 0
34.46 25
34.47 32.32
34.48 0
34.49 0
34.5 21.5611
34.52 15
34.53 24.68
34.54 0
34.55 36.56
34.58 7.10333
34.59 5
34.6 9.98636
34.62 10.9533
34.64 13.18
34.65 0
34.66 0
34.67 10.405
34.68 0
34.7 7.77083
34.71 0
34.72 0
34.73 12.15
34.74 0
34.75 30
34.76 7.655
34.77 8.632
34.78 2.5
34.79 0
34.8 10.875
34.82 10.764
34.83 22
34.84 17.255
34.85 9.94
34.88 0
34.89 10.29
34.9 12.5883
34.92 0
34.93 0
34.94 5
34.95 0
34.96 0
34.97 0
34.98 7.5
34.99 10
35.0 3.95667
35.01 0
35.03 16.59
35.04 12.7525
35.05 11.66
35.08 15.36
35.09 10.87
35.1 7.125
35.12 9.21143
35.13 15.81
35.14 7.32667
35.15 13.5
35.16 16.0233
35.17 12.955
35.18 0
35.19 6.25
35.2 5.33273
35.21 20.44
35.22 0
35.23 21.28
35.25 17.9033
35.26 22.555
35.27 15.03
35.28 0
35.29 14.44
35.3 15.6067
35.31 32.17
35.32 14.655
35.33 10.09
35.34 0
35.35 1
35.37 12.39
35.39 0
35.4 8.26429
35.41 15.355
35.42 23.82
35.43 20.28
35.44 7.13667
35.45 0
35.47 0
35.49 23.89
35.5 11.6192
35.52 28.75
35.53 20.18
35.55 4
35.56 0
35.57 11.14
35.58 0
35.59 0
35.6 11.7214
35.61 13.915
35.62 25
35.63 0
35.64 0
35.65 33.81
35.66 0
35.67 0
35.68 10
35.7 17.8331
35.71 9.49
35.73 9.3275
35.74 0
35.78 17.526
35.79 0
35.8 17.1115
35.81 24.18
35.82 5
35.83 21.49
35.84 19.59
35.85 16.2033
35.86 0
35.87 17.605
35.88 13.555
35.9 13.256
35.91 11.6667
35.92 15
35.93 5
35.94 11.305
35.96 15.085
35.97 0
35.98 2
36.0 18.362
36.01 0
36.03 6.66
36.04 0
36.05 12.22
36.06 20.56
36.07 22.36
36.08 30.06
36.09 6.06
36.1 11.1412
36.12 10.705
36.13 0
36.14 10
36.16 12.5
36.17 14.39
36.19 10
36.2 13.8263
36.21 12.14
36.22 15.87
36.23 0
36.24 15
36.25 13.0612
36.26 19.3233
36.27 35.2
36.28 16.6667
36.29 0
36.3 20.026
36.31 0.55
36.32 5
36.33 0
36.34 6.992
36.35 0
36.36 15.6625
36.37 0
36.38 0
36.4 4.07143
36.42 15.48
36.43 0.09
36.44 0
36.45 10
36.46 20
36.47 15.33
36.48 0
36.49 0
36.5 10.7586
36.51 0.005
36.52 13.655
36.54 0
36.55 19.732
36.56 28.21
36.57 0
36.58 21.405
36.59 7.5
36.6 11.17
36.61 3.35
36.62 0
36.63 19.6133
36.64 7.5
36.65 5
36.66 30.105
36.67 3.33333
36.68 16.59
36.7 8.31667
36.71 13.505
36.72 0
36.75 15.34
36.76 29.08
36.77 0
36.78 28.895
36.79 0
36.8 25.304
36.81 0
36.84 0
36.85 5
36.86 30.255
36.87 28.61
36.88 19.7033
36.89 2.66667
36.9 7
36.91 24.33
36.92 12.44
36.94 23.3975
36.95 5
36.96 0.00333333
36.97 2.5
36.99 14.455
37.0 8.20833
37.01 0
37.02 28.91
37.03 0.37
37.04 0
37.06 20.404
37.08 9.18
37.09 12.54
37.1 10.626
37.11 0
37.12 29.75
37.14 10
37.15 15
37.16 21.91
37.17 28.01
37.18 0
37.19 37.11
37.2 15.8982
37.21 6.39
37.22 14.91
37.23 7.97
37.25 0
37.26 11.06
37.29 5.33333
37.3 8.48125
37.31 0
37.33 0
37.34 11.715
37.35 6.392
37.36 28.81
37.37 10
37.38 32.565
37.39 0
37.4 7.073
37.42 0
37.43 10.1
37.44 0
37.45 16.2967
37.46 0
37.47 0
37.48 0
37.49 0
37.5 10.5167
37.52 18.1
37.53 10
37.54 0
37.56 10
37.57 11.155
37.58 0
37.59 43.06
37.6 19.5367
37.61 26.56
37.63 16.6667
37.64 0
37.65 27.55
37.66 19.315
37.67 22.35
37.68 0
37.69 0
37.7 3
37.72 12.155
37.73 0
37.74 0
37.75 10.46
37.76 52.7
37.77 0
37.78 0
37.79 29.01
37.8 3.125
37.81 0
37.82 20
37.83 0
37.84 24.5
37.85 34
37.86 0
37.87 0
37.9 9.12857
37.92 14.92
37.93 0
37.94 27.78
37.95 23
37.96 2
37.98 0
38.0 5.8825
38.01 0
38.02 0
38.04 5
38.06 0
38.07 0
38.08 22.3733
38.09 18.905
38.1 21.8543
38.11 0
38.12 20
38.14 32.76
38.17 15.155
38.18 0
38.19 0
38.2 3.55833
38.21 0
38.22 6.62
38.23 0
38.24 10.66
38.26 19.32
38.3 28.3489
38.32 5
38.33 10
38.34 10.6267
38.35 0
38.36 10.99
38.37 8.75
38.38 37.16
38.39 0
38.4 6.25
38.42 0
38.43 30.645
38.44 19.755
38.45 5
38.46 20.66
38.47 13.985
38.48 5.77
38.49 18.03
38.5 7.4
38.51 7.5
38.55 20.64
38.56 7
38.57 15.03
38.6 18.1517
38.61 24.32
38.64 0
38.65 25
38.67 0
38.68 12.595
38.69 0
38.7 23.3143
38.72 0
38.74 14.74
38.78 27.01
38.79 0
38.8 14.465
38.81 0
38.83 0
38.84 0
38.86 24.3233
38.87 0
38.9 12.5
38.91 14.36
38.92 11.605
38.93 0
38.95 0
38.96 5.5
38.97 30.7933
38.99 0
39.0 17.503
39.01 10.78
39.02 0
39.03 0
39.04 26.98
39.05 0
39.06 37.76
39.07 35
39.1 26.41
39.12 0
39.13 43.38
39.16 0
39.19 5.7025
39.2 7.075
39.21 3.33333
39.22 0
39.23 0
39.24 0
39.25 0
39.26 0
39.27 27.98
39.28 13
39.29 0
39.3 9.2625
39.36 31.595
39.38 30
39.39 0
39.4 10
39.41 0
39.42 0
39.43 5
39.45 0
39.46 31.18
39.47 52.23
39.49 0
39.5 20.6417
39.52 12
39.53 20
39.54 40.16
39.56 25
39.6 8.75
39.62 11
39.63 0
39.64 0
39.65 0
39.66 0
39.68 34.76
39.69 18.255
39.7 25.5333
39.73 0
39.74 0.01
39.76 0
39.8 14.4333
39.81 15
39.83 0
39.84 0
39.85 7.5
39.87 10
39.88 0
39.9 0
39.91 0
39.99 0
40.0 5.5
40.02 7.5
40.06 12
40.07 15.225
40.09 15
40.1 11.08
40.11 0
40.13 5
40.14 10
40.15 34.72
40.16 0
40.18 47.08
40.2 18.4875
40.21 0
40.24 9.87
40.25 0
40.27 27.58
40.28 17.725
40.29 0
40.3 2
40.31 0
40.33 29.96
40.34 0
40.35 31.01
40.36 0
40.39 31.48
40.4 10
40.41 29.91
40.42 0
40.43 7.83
40.44 15.055
40.46 0
40.47 0
40.5 6.88
40.51 22.3733
40.52 10
40.54 12.5
40.55 21.53
40.57 0
40.58 40.66
40.6 9.69375
40.61 24.44
40.62 0
40.63 0
40.67 0
40.68 0
40.69 20
40.7 8.65
40.72 0
40.75 10
40.77 0
40.78 16.19
40.79 73.88
40.8 36.51
40.85 39.31
40.86 0
40.87 26.0133
40.9 5
40.91 0.02
40.93 0
40.98 15.205
41.0 20.3356
41.01 40
41.02 20
41.04 32.08
41.06 10
41.08 3.33333
41.09 19
41.1 6.245
41.15 22.68
41.18 21.03
41.2 2.5
41.23 45.13
41.24 0
41.25 0
41.26 15.455
41.3 43.7817
41.33 38.98
41.35 32.52
41.37 20
41.38 35.11
41.4 7.17286
41.42 0
41.43 0
41.44 0
41.45 0
41.48 0
41.5 27.35
41.52 0
41.53 36
41.55 10
41.58 54.01
41.59 0
41.6 12.3733
41.61 28.48
41.63 43.33
41.67 0
41.69 10
41.7 39.2683
41.71 33.745
41.78 23.44
41.8 7.5
41.83 0
41.86 10
41.88 0
41.9 0
41.91 39.66
41.92 0
41.93 0
41.96 0
41.97 35
41.98 0
42.0 39.5967
42.01 10
42.04 43.78
42.05 7.5
42.07 0
42.09 3.33333
42.1 0
42.11 45.78
42.13 0
42.14 36.58
42.15 11
42.16 39.58
42.17 27.61
42.18 1
42.19 0
42.2 28.49
42.21 36.58
42.26 0
42.28 15
42.29 11.5
42.3 61.6833
42.32 16.94
42.34 0
42.36 0
42.39 33.82
42.4 0
42.45 13.85
42.46 0
42.47 0
42.5 0
42.55 32.88
42.6 9.07
42.61 30.21
42.62 0
42.65 35.11
42.66 15.23
42.7 32.3975
42.72 22.48
42.74 31.56
42.75 10
42.76 35
42.77 5
42.81 20.08
42.9 4
42.91 20.03
42.97 0
43.0 61.53
43.02 5
43.09 15.01
43.1 0
43.11 15
43.13 20.86
43.17 53.78
43.2 41.8833
43.21 10
43.27 0
43.3 5
43.33 0
43.36 27.01
43.39 0
43.4 22.4125
43.41 23.78
43.49 0
43.5 10
43.58 0
43.59 0
43.6 35.706
43.67 0
43.68 0
43.69 10
43.7 25
43.72 0
43.74 0
43.78 40
43.79 46.76
43.8 0
43.81 43.32
43.84 0
43.86 39.51
43.88 51.58
43.9 0
43.95 15
43.96 22
44.0 3.75
44.04 10
44.05 0
44.06 0
44.07 0
44.1 11.5167
44.11 31.91
44.16 0
44.2 22.9071
44.21 38.2
44.22 0
44.25 20
44.3 0
44.36 10.295
44.37 10.555
44.4 23.124
44.42 0
44.45 0
44.5 11.725
44.53 44.49
44.54 25
44.58 41.49
44.6 16
44.64 39.58
44.66 0
44.7 8.92
44.73 5
44.77 10
44.79 30.6
44.8 0
44.83 0
44.84 10
44.86 41.38
44.9 62.5
44.91 30
44.92 38.77
44.95 0
44.98 0
44.99 0
45.0 16.6667
45.01 58.38
45.02 15
45.04 3
45.05 0
45.07 10.1
45.1 11.95
45.11 31.08
45.13 30
45.15 30
45.2 8.5
45.22 0
45.25 14.1867
45.27 0
45.3 20
45.33 15
45.4 23.4333
45.42 0
45.45 7.5
45.47 51.7
45.53 0
45.57 0
45.6 5
45.61 61.44
45.62 0
45.64 106.25
45.65 0
45.66 0
45.7 9.2
45.71 20
45.78 0
45.8 2.5
45.85 0
45.86 0
45.87 51.51
45.89 0
45.9 20.4833
46.0 34.816
46.04 0
46.07 0
46.08 43.4
46.09 12.28
46.1 10
46.11 20
46.15 20
46.17 0
46.18 0
46.2 0
46.25 0
46.26 0
46.29 0
46.3 21.8417
46.31 0
46.32 0
46.37 35.18
46.4 49.05
46.44 0
46.45 38.76
46.46 43.23
46.48 25
46.49 0
46.5 0
46.52 20
46.55 0
46.58 0
46.59 0
46.6 23.675
46.62 0
46.68 0
46.71 0
46.72 40
46.73 14.26
46.76 11
46.8 0
46.82 0
46.83 0
46.9 30.3867
46.97 68.495
46.99 25
47.02 5
47.07 20
47.09 0
47.1 10
47.11 10
47.12 2.5
47.16 10
47.17 57.38
47.2 18.0167
47.24 48.98
47.26 25.78
47.34 0
47.4 25.9875
47.41 0.1
47.43 59.91
47.51 40.16
47.56 0
47.6 0
47.67 0
47.68 20.56
47.7 0
47.74 48.21
47.75 0
47.76 0
47.79 0
47.8 15.7867
47.84 37.68
47.87 20
47.9 38.8
47.95 0
47.98 52.78
48.0 8.7875
48.15 50.16
48.2 0
48.21 40.16
48.25 33.5
48.3 0
48.35 5
48.36 66.39
48.4 10
48.42 50.2
48.45 0
48.5 20.69
48.53 0
48.56 0
48.57 0.8
48.6 20
48.7 5
48.74 0
48.8 0
48.9 0
48.91 10
48.92 0
48.94 34.38
48.95 0
49.0 0
49.03 46.36
49.04 39.01
49.07 20
49.08 0
49.09 0
49.1 4.44
49.14 0
49.15 30
49.2 12.75
49.22 0
49.27 0
49.3 57.9617
49.37 8.8
49.4 0
49.45 0
49.5 34
49.52 0
49.57 0
49.6 0
49.68 10
49.7 43.7
49.71 10
49.72 0
49.73 72.51
49.74 113
49.76 0
49.78 20
49.8 0
49.87 42.18
49.9 0
49.91 25
50.0 0
50.04 52.66
50.1 10
50.14 0
50.15 22
50.18 35.16
50.23 5
50.24 10
50.32 0
50.36 20.54
50.38 10
50.4 15.0267
50.42 0
50.46 40.93
50.5 0.66
50.51 30.61
50.6 20
50.61 5
50.63 0
50.65 5
50.7 9.98667
50.79 56.28
50.82 47.48
50.89 15
50.9 3
51.0 7.5
51.02 0
51.04 10
51.08 5
51.1 28.05
51.13 23
51.15 42.58
51.17 41.38
51.2 5
51.3 26.6667
51.32 22.5
51.4 54.075
51.41 0
51.46 59.06
51.5 0
51.51 0
51.57 73.59
51.6 59.05
51.65 10
51.66 0
51.73 0
51.74 0
51.8 0
51.84 0
51.88 0
51.9 44.85
51.94 15
51.95 0
51.96 0
51.97 0
52.1 15.125
52.16 10
52.17 0
52.26 0
52.3 0
52.32 60.06
52.34 30
52.35 0
52.36 46.01
52.4 0
52.57 0
52.58 45.26
52.59 5
52.6 6.66667
52.62 20
52.63 37.53
52.65 0
52.67 0
52.7 5
52.78 20
52.8 13.5
52.83 20
52.84 0
53.0 10
53.06 10
53.08 47.73
53.1 46.46
53.14 50.66
53.15 0
53.16 41.29
53.22 22.59
53.23 47.83
53.24 24.66
53.3 41.62
53.39 36
53.4 0
53.47 20
53.56 18
53.59 45.38
53.61 27.73
53.78 0
53.8 18.5
53.83 61.03
53.86 25
53.88 0
53.93 0
54.02 29.68
54.04 0
54.07 0
54.1 10
54.13 0
54.18 5
54.2 0
54.25 7.5
54.3 10
54.4 35.66
54.41 45.02
54.47 0
54.54 43.81
54.77 0
54.81 39.415
54.84 51.96
54.89 0
54.9 0
55.0 0
55.05 92.68
55.06 15.8
55.1 4
55.3 0
55.39 49.21
55.43 25
55.45 21.18
55.6 25.225
55.64 0
55.69 22.53
55.7 36.7
55.71 0
55.73 0
55.77 36.16
55.8 50.45
55.84 53.76
55.91 10
55.93 12.28
55.95 42.28
56.0 15
56.02 10
56.07 0
56.1 10
56.12 0
56.13 20
56.15 0
56.23 0
56.31 10
56.41 35
56.44 0
56.47 0
56.48 0
56.5 0
56.51 1
56.7 0
56.78 76.96
56.8 0
56.88 10
56.99 72.73
57.05 0
57.09 30
57.11 0
57.15 60.26
57.2 0
57.22 0
57.24 37.38
57.25 38.79
57.29 0
57.3 64.95
57.4 51.73
57.48 3
57.5 0
57.6 25
57.64 0
57.68 15
57.7 0
57.83 0
57.85 0
57.9 0
58.0 31.425
58.01 0
58.05 15
58.06 0
58.07 0
58.15 42.61
58.18 44.71
58.19 0
58.23 54.76
58.3 5
58.35 0
58.44 39.76
58.53 21.08
58.57 0
58.6 0
58.62 34.76
58.68 28.06
58.83 0
58.94 18.58
59.0 0
59.01 35.38
59.08 40
59.1 20.1033
59.3 0
59.35 0
59.36 0
59.59 0
59.6 7.5
60.0 49.91
60.04 36.08
60.31 0
60.61 0
60.66 20
60.77 58.28
60.83 42.08
60.94 0
60.96 66.29
60.98 2
61.0 0
61.2 0
61.3 55
61.42 45.58
61.45 43.78
61.5 0.01
61.61 0
61.71 0
61.72 0
61.78 0
61.82 0
61.9 0
61.94 20
62.22 44.06
62.34 0
62.36 0
62.4 10
62.5 64.1
62.8 0
62.9 20
62.91 4
63.0 3.2
63.06 10.56
63.3 0
63.47 55.13
63.76 10
63.78 0
63.85 0
63.9 5
63.96 62.51
64.1 0
64.4 0
64.55 41.71
64.62 52.63
64.7 36.6
64.94 0
65.0 62.5
65.45 83.29
65.46 10
65.7 0
65.78 0
65.81 10
65.85 0
66.0 0
66.1 10
66.15 43.08
66.2 26.0333
66.26 65.76
66.53 80.92
66.6 18.58
66.79 0
66.9 0
67.03 60.06
67.21 0
67.4 50
67.47 0
67.49 55
67.6 60.18
67.9 56.05
68.1 58.95
68.2 0
68.26 0
68.4 10
68.5 41.15
68.96 50.66
69.31 10
69.4 10
69.57 0
69.77 0
69.88 51.8
69.92 0
70.14 40
70.36 4
70.91 15
71.29 0
71.3 20
71.4 30
71.64 0.2
71.73 0
71.9 21.69
72.0 30
72.15 0
72.7 378.1
72.77 0
73.53 0
73.68 0
73.9 0
74.68 85.86
74.7 0
74.9 0
75.56 0
75.82 0
76.0 1
76.27 10
76.5 178.655
76.76 0
76.8 0
77.06 0
77.2 20
77.24 20
77.45 27.25
77.5 20
77.91 0
78.0 0
78.4 40
78.5 0
79.1 0
79.57 30.06
79.95 10
80.0 388.12
80.01 10
80.21 0
80.25 260
80.66 40
81.08 0
81.1 39.35
81.58 5
81.7 99.8
82.0 30
82.4 0
82.48 0
82.5 310.59
83.1 0
83.2 0
83.46 81.38
83.5 40.15
83.8 0
83.9 0.055
84.0 236.53
84.3 242.09
84.7 196.255
84.9 204.09
85.1 137.127
85.3 250.01
85.5 0
85.7 241.98
85.8 420.29
85.9 20
86.0 243.08
86.1 0
87.0 246.93
87.2 0.1
87.26 0
87.38 40
87.77 0
87.8 0
88.4 438.11
88.5 400.26
88.69 30.56
88.7 0
88.83 0
89.2 0
89.83 0
90.2 0
90.5 0
90.66 0
90.72 0
91.0 256.33
91.27 0
91.3 15
91.4 0
92.1 0
93.05 0
95.29 50.56
95.73 39.2
96.2 0
97.29 25
97.4 0
97.6 40
97.7 0
100.3 20
100.49 0
100.63 11
100.9 0
104.05 40
104.5 5
106.26 0
108.95 20
109.45 51.28
109.51 2
110.4 0
114.33 0
114.71 0
114.72 0
115.75 51.28
116.1 0
116.88 0
118.32 63.2
120.84 0
121.87 12
121.91 20
123.84 0
125.17 64.71
131.1 0
131.2 10
136.45 0
145.81 0
146.44 0
148.0 20
161.5 0
180.0 311.62
181.53 0
188.02 0
209.56 0
257.0 0
257.1 0
306.9 30
601.6 2.25
