Worksheet 5
Top 100 drop off locations for rides with pickup location 234.0
   5307 170.0
   3911 186.0
   3634 161.0
   3277 68.0
   2977 79.0
   2826 234.0
   2646 249.0
   2607 164.0
   2524 230.0
   2441 246.0
   2368 113.0
   2205 107.0
   2033 100.0
   1880 162.0
   1860 114.0
   1849 48.0
   1762 90.0
   1755 231.0
   1623 137.0
   1491 158.0
   1451 163.0
   1357 237.0
   1341 211.0
   1337 144.0
   1189 148.0
   1134 233.0
   1086 229.0
   1066 236.0
    908 142.0
    852 13.0
    836 141.0
    710 224.0
    684 125.0
    680 87.0
    674 50.0
    668 239.0
    565 238.0
    534 263.0
    507 4.0
    505 140.0
    497 143.0
    419 232.0
    397 262.0
    366 43.0
    349 261.0
    318 138.0
    243 88.0
    240 209.0
    213 75.0
    200 264.0
    197 255.0
    193 151.0
    192 33.0
    188 45.0
    188 41.0
    181 256.0
    173 145.0
    171 181.0
    158 7.0
    146 42.0
    137 66.0
    133 166.0
    125 74.0
    112 80.0
    111 112.0
     99 97.0
     99 116.0
     85 65.0
     84 49.0
     78 25.0
     78 244.0
     76 226.0
     75 24.0
     73 223.0
     68 61.0
     66 17.0
     65 40.0
     64 129.0
     63 52.0
     61 37.0
     51 179.0
     51 12.0
     49 189.0
     47 36.0
     43 225.0
     35 198.0
     32 146.0
     28 95.0
     28 82.0
     27 202.0
     25 106.0
     23 260.0
     23 152.0
     22 243.0
     21 89.0
     21 188.0
     20 247.0
     20 228.0
     19 265.0
     18 62.0

1.0.txt word count:
0 1.0.txt

3.0.txt word count:
0 3.0.txt

48.0.txt word count:
1849 48.0.txt

223.0.txt word count:
73 223.0.txt
