1009997 0.0
 141886 2.0
  96878 1.0
  62813 3.0
  55144 2.86
  50758 2.96
  48735 2.76
  46715 3.06
  45842 5.0
  42170 3.16
  38921 3.26
  34986 3.36
  32679 2.66
  32176 3.46
  30544 12.28
  29637 1.5
  29557 3.56
  27442 4.0
  27239 3.66
  24555 3.45
  24516 3.76
  22864 3.86
  21923 2.85
  21727 2.5
  21353 2.75
  21317 3.96
  20531 2.95
  20469 10.0
  20043 3.95
  19495 4.06
  19377 3.05
  17833 4.16
  16643 3.15
  16360 4.26
  15822 3.25
  15750 3.55
  15268 4.36
  14509 3.7
  14490 3.35
  14463 4.46
  13216 4.56
  12896 4.45
  12816 2.65
  12145 4.66
  11558 3.65
  11217 4.76
  10856 4.86
  10709 12.25
  10553 4.05
  10517 3.75
  10229 6.0
  10088 3.58
  10086 4.2
   9803 4.95
   9678 4.96
   9218 3.85
   9070 5.06
   9052 4.55
   8954 4.7
   8753 4.25
   8467 1.2
   8360 5.16
   8257 2.2
   8186 11.06
   8112 1.7
   8106 3.5
   8025 8.0
   7702 5.45
   7470 5.26
   7156 4.15
   7141 4.08
   6996 7.0
   6912 5.36
   6716 2.22
   6543 13.18
   6458 3.82
   6392 5.46
   6225 4.35
   5798 5.56
   5757 2.3
   5692 2.07
   5668 3.2
   5633 4.85
   5413 5.66
   5394 2.7
   5392 5.2
   5295 5.05
   5195 15.36
   5174 4.58
   5052 5.95
   5027 4.32
   4957 5.76
   4951 4.65
   4827 2.37
   4708 4.75
   4682 3.32
   4655 5.86
   4614 2.14
   4573 3.8
   4397 5.15
   4286 5.08
   4231 5.96
   4102 5.55
   4055 2.52
   3999 2.6
   3961 6.06
   3939 11.78
   3862 5.7
   3782 4.29
   3719 4.44
   3604 6.2
   3528 6.45
   3500 1.43
   3477 4.82
   3435 15.35
   3406 6.95
   3387 6.16
   3354 4.14
   3303 11.05
   3294 4.59
   3244 6.26
   3234 2.67
   3225 5.58
   3162 2.44
   3140 6.36
   3133 1.48
   3118 5.25
   3092 6.05
   3049 1.38
   3035 3.3
   2988 4.74
   2954 2.82
   2925 1.58
   2889 5.35
   2808 5.75
   2805 1.53
   2757 6.46
   2601 6.08
   2598 2.9
   2565 4.89
   2558 5.32
   2551 15.0
   2531 6.56
   2492 7.08
   2475 13.15
   2451 7.58
   2443 6.66
   2437 5.04
   2432 6.58
   2427 7.45
   2421 2.15
   2366 1.63
   2333 4.3
   2310 3.99
   2306 8.08
   2289 5.3
   2274 5.19
   2240 4.1
   2235 8.58
   2219 5.65
   2205 1.68
   2203 2.97
   2172 4.4
   2166 2.08
   2152 9.0
   2142 6.7
   2142 1.33
   2136 6.76
   2128 5.34
   2052 6.86
   2047 0.01
   2040 6.35
   2033 2.74
   2016 1.73
   2007 7.95
   2005 1.78
   1989 1.8
   1987 5.85
   1976 6.96
   1958 2.25
   1957 12.0
   1954 13.82
   1953 4.8
   1940 6.55
   1934 5.82
   1932 4.5
   1913 3.12
   1912 2.45
   1904 5.49
   1884 9.21
   1844 6.65
   1833 7.98
   1832 8.48
   1819 7.55
   1785 1.75
   1774 3.83
   1751 7.48
   1750 7.06
   1745 8.98
   1737 8.18
   1734 5.64
   1724 20.0
   1716 7.78
   1704 5.79
   1703 1.88
   1690 7.88
   1685 3.33
   1674 2.8
   1666 1.25
   1664 8.45
   1663 8.28
   1653 7.05
   1652 11.96
   1649 8.38
   1636 7.7
   1623 7.68
   1620 1.83
   1612 9.08
   1596 3.27
   1587 7.16
   1561 5.94
   1554 6.15
   1543 7.25
   1542 7.26
   1534 7.2
   1531 8.68
   1529 7.28
   1523 7.38
   1509 16.48
   1501 7.36
   1501 6.25
   1492 8.88
   1492 18.43
   1457 7.46
   1438 3.04
   1434 8.78
   1433 8.15
   1404 9.48
   1392 7.18
   1385 7.85
   1376 6.75
   1375 6.32
   1375 0.5
   1345 3.42
   1342 11.75
   1336 6.98
   1332 6.09
   1315 2.26
   1303 7.56
   1301 9.58
   1296 8.05
   1292 6.88
   1288 5.8
   1272 6.85
   1263 8.95
   1262 6.24
   1262 1.93
   1259 0.7
   1245 7.35
   1235 4.33
   1211 5.5
   1210 9.18
   1205 6.5
   1200 9.98
   1189 1.98
   1181 7.65
   1179 10.48
   1176 3.57
   1173 10.08
   1169 7.75
   1164 2.36
   1162 9.28
   1154 7.15
   1139 6.39
   1133 7.86
   1130 6.54
   1129 7.66
   1119 6.78
   1110 7.76
   1083 6.14
   1077 2.46
   1071 2.03
   1065 6.69
   1064 2.56
   1059 9.38
   1055 8.35
   1052 9.05
   1050 8.36
   1046 8.85
   1046 8.55
   1037 9.45
   1036 6.68
   1026 3.34
   1019 8.65
   1019 8.25
   1014 7.96
   1001 6.84
    999 8.06
    993 9.95
    992 8.75
    990 6.8
    986 8.3
    982 11.95
    978 11.0
    975 8.86
    965 2.48
    964 6.82
    961 9.35
    952 3.08
    939 9.68
    923 8.16
    918 5.6
    914 2.13
    902 4.83
    900 6.99
    899 9.78
    896 3.72
    881 9.88
    870 1.11
    868 2.18
    860 8.46
    860 14.73
    845 7.14
    841 8.56
    837 9.36
    834 10.45
    832 9.15
    824 2.28
    820 12.68
    817 8.26
    807 10.56
    804 2.23
    802 10.98
    800 1.6
    797 10.18
    796 9.06
    793 3.87
    793 10.58
    792 8.76
    790 6.48
    789 5.9
    784 7.5
    777 0.1
    776 1.08
    773 7.29
    768 7.32
    767 2.38
    762 9.65
    761 13.8
    759 8.66
    757 9.86
    755 8.2
    754 10.1
    749 9.85
    742 9.16
    733 2.58
    726 3.64
    724 0.02
    716 13.16
    707 2.33
    705 6.3
    704 13.06
    702 7.44
    698 10.28
    695 4.02
    692 8.96
    692 2.16
    690 11.08
    688 9.25
    688 7.59
    684 0.2
    681 0.08
    677 16.45
    672 2.43
    663 6.38
    662 1.1
    658 9.2
    656 2.93
    654 9.55
    654 8.7
    654 10.36
    651 10.78
    639 10.38
    637 5.33
    635 9.6
    634 2.35
    631 2.57
    614 3.94
    613 10.6
    607 11.48
    606 16.59
    603 9.26
    598 7.74
    597 10.35
    594 10.55
    580 2.55
    576 18.4
    568 1.9
    567 10.86
    566 11.98
    566 10.88
    566 10.05
    564 10.85
    556 8.04
    552 2.88
    547 7.82
    542 8.6
    542 13.0
    540 7.89
    538 4.17
    537 1.4
    534 10.15
    521 5.83
    520 11.45
    520 0.05
    518 11.1
    516 10.68
    515 1.3
    513 14.95
    512 10.95
    511 9.66
    508 2.53
    497 6.28
    496 8.32
    495 9.56
    492 9.7
    489 10.25
    487 7.1
    486 9.1
    484 8.19
    479 19.78
    473 9.75
    471 9.46
    470 2.68
    464 11.36
    463 2.4
    462 2.84
    459 9.73
    458 8.34
    457 5.98
    449 11.23
    444 10.2
    443 5.88
    436 6.18
    435 9.76
    432 10.7
    428 11.38
    425 8.82
    422 11.6
    421 11.58
    417 2.63
    417 10.06
    403 10.23
    402 10.65
    400 8.49
    400 4.47
    391 4.24
    391 25.0
    386 7.3
    385 11.35
    385 0.8
    384 3.11
    384 12.1
    383 14.7
    383 10.66
    381 9.96
    380 12.65
    379 10.73
    376 10.16
    372 9.89
    372 2.39
    368 14.0
    367 10.26
    366 8.8
    366 3.02
    366 11.18
    364 11.86
    363 9.23
    360 11.2
    357 11.68
    354 8.79
    354 8.64
    354 10.75
    354 10.46
    351 7.8
    351 12.08
    349 12.45
    348 2.73
    347 12.56
    346 9.32
    346 6.33
    340 5.68
    340 13.05
    339 11.15
    335 7.4
    335 5.78
    335 3.38
    335 1.66
    333 1.84
    333 12.58
    333 12.36
    332 0.03
    331 1.72
    330 4.62
    329 11.28
    328 5.53
    327 3.29
    323 2.78
    320 2.83
    319 9.09
    319 8.94
    317 12.73
    316 8.9
    316 12.48
    314 13.66
    313 10.76
    311 13.2
    308 0.74
    307 12.46
    304 2.1
    302 16.55
    302 13.1
    302 11.46
    301 9.24
    299 13.56
    297 0.69
    296 10.96
    295 4.54
    294 8.73
    290 8.84
    287 0.72
    284 0.79
    283 15.86
    282 6.83
    277 13.36
    277 11.73
    276 9.82
    276 5.18
    276 11.85
    275 6.59
    274 9.39
    274 5.48
    272 13.48
    269 4.77
    266 4.88
    266 11.16
    265 3.03
    264 8.5
    264 11.65
    260 30.0
    260 2.02
    259 12.2
    255 12.86
    254 9.54
    254 2.98
    244 12.6
    243 5.28
    242 0.15
    240 4.28
    240 12.96
    238 11.7
    236 13.45
    236 12.95
    234 1.96
    234 13.76
    233 4.98
    233 12.05
    233 11.88
    230 12.7
    229 5.38
    228 13.86
    227 0.84
    226 9.69
    225 0.82
    224 13.96
    224 0.75
    223 3.69
    222 9.99
    222 17.68
    221 9.8
    221 3.74
    221 3.54
    221 3.28
    221 12.98
    220 12.35
    219 9.5
    219 4.92
    219 10.32
    218 8.1
    218 3.47
    217 9.84
    217 14.9
    216 11.26
    213 13.6
    212 0.76
    211 3.39
    209 11.66
    206 12.23
    206 10.82
    205 8.4
    205 4.19
    202 10.44
    202 10.14
    201 8.23
    201 4.84
    199 3.88
    199 12.21
    199 11.56
    197 12.85
    196 7.33
    196 12.88
    195 4.78
    194 6.6
    193 5.09
    193 10.8
    189 14.36
    188 4.68
    188 12.66
    188 10.4
    186 18.0
    186 13.26
    186 11.76
    185 1.55
    185 11.55
    184 14.06
    183 12.16
    182 14.08
    182 11.25
    180 5.22
    180 12.18
    180 11.32
    178 14.16
    177 5.07
    175 1.85
    175 13.78
    174 4.48
    174 2.77
    174 15.06
    174 12.15
    172 10.74
    171 1.22
    170 19.75
    170 14.45
    170 12.38
    170 0.92
    169 12.76
    167 16.0
    165 3.18
    165 3.13
    163 12.06
    163 0.89
    162 5.89
    162 0.04
    161 14.46
    161 13.25
    160 13.95
    160 13.08
    159 5.84
    159 0.86
    158 3.4
    158 14.98
    158 1.14
    155 14.56
    154 1.92
    154 0.11
    153 3.6
    153 15.16
    153 13.85
    152 2.69
    152 13.58
    152 12.55
    152 10.59
    150 9.9
    150 5.54
    150 1.18
    150 10.89
    150 0.99
    150 0.66
    149 7.83
    149 10.3
    148 9.4
    148 3.92
    148 3.84
    148 15.05
    147 9.3
    147 5.39
    146 16.32
    146 15.85
    145 10.29
    144 13.65
    143 14.23
    143 12.26
    142 6.29
    142 14.38
    142 1.28
    142 12.4
    141 15.26
    140 5.31
    140 40.0
    140 3.23
    139 5.24
    139 14.66
    138 5.69
    138 2.32
    138 17.94
    138 14.05
    138 13.7
    137 5.14
    137 17.65
    137 14.76
    137 13.23
    137 10.9
    136 0.94
    135 7.6
    135 5.61
    135 14.86
    135 14.26
    134 3.1
    134 1.04
    133 4.01
    133 2.05
    133 11.3
    132 15.58
    131 8.07
    131 1.77
    129 3.24
    129 14.35
    129 11.53
    128 5.99
    127 11.04
    126 13.98
    126 11.83
    126 11.8
    125 13.46
    125 10.63
    124 4.64
    124 4.18
    124 16.56
    124 0.88
    123 1.99
    122 16.66
    121 5.52
    121 5.37
    121 4.38
    121 3.48
    121 13.55
    121 12.13
    121 0.3
    120 10.93
    119 2.62
    119 15.66
    118 16.16
    117 11.34
    117 11.19
    116 3.07
    116 15.7
    116 13.03
    115 5.91
    115 17.16
    115 14.6
    115 12.43
    115 1.09
    115 0.09
    114 7.73
    114 4.99
    113 13.35
    113 1.06
    112 8.57
    112 5.44
    112 1.86
    111 4.37
    111 14.1
    111 13.33
    111 12.5
    110 17.0
    110 14.48
    110 13.73
    110 0.77
    110 0.22
    109 6.21
    109 11.82
    108 50.0
    108 4.94
    108 16.06
    108 15.76
    108 14.2
    108 13.63
    108 11.64
    107 1.26
    106 3.43
    106 0.96
    103 6.44
    103 14.96
    103 13.93
    102 12.78
    101 15.56
    100 8.97
    100 2.12
    100 1.02
     99 3.98
     99 1.79
     99 1.62
     99 11.5
     98 15.95
     97 4.73
     97 3.89
     97 16.36
     97 14.68
     96 16.86
     96 15.96
     96 11.9
     96 11.49
     95 5.01
     95 15.55
     95 12.3
     94 2.29
     94 15.1
     93 6.51
     93 17.36
     93 1.65
     93 14.15
     93 11.79
     92 15.2
     92 11.11
     92 10.33
     92 0.07
     91 16.46
     91 15.08
     91 12.54
     91 1.01
     90 7.37
     90 3.59
     90 17.06
     90 13.3
     89 16.95
     89 13.75
     88 2.21
     88 18.06
     88 14.65
     88 1.19
     87 17.86
     87 17.56
     87 14.28
     87 1.42
     87 1.29
     87 12.84
     86 4.04
     86 18.16
     86 1.59
     86 15.46
     86 1.34
     86 12.8
     85 17.08
     85 16.26
     85 0.06
     84 5.74
     84 3.22
     83 5.67
     83 15.88
     83 15.45
     81 9.07
     81 6.12
     81 4.91
     81 4.79
     81 13.32
     81 0.25
     80 7.11
     80 13.24
     80 1.12
     79 6.74
     79 3.53
     79 17.26
     79 16.76
     79 1.46
     79 14.32
     79 12.09
     78 7.23
     78 2.94
     78 15.84
     78 10.03
     77 19.06
     77 16.2
     77 1.23
     77 11.94
     76 6.34
     76 3.79
     75 17.46
     75 14.53
     75 12.32
     75 0.55
     74 8.61
     74 17.66
     74 14.83
     73 22.0
     73 16.96
     73 15.8
     73 14.58
     73 13.9
     73 12.24
     72 7.19
     72 17.05
     72 15.28
     72 12.39
     71 3.44
     71 1.24
     70 4.49
     70 3.49
     70 15.82
     70 12.82
     70 0.67
     69 18.66
     69 17.9
     69 17.45
     69 16.05
     69 15.73
     69 14.25
     69 13.5
     68 6.89
     68 3.68
     68 19.03
     68 17.15
     68 15.43
     68 13.68
     67 6.73
     67 6.1
     67 2.92
     67 2.51
     67 17.76
     67 13.28
     66 3.63
     66 3.09
     66 18.46
     66 13.74
     66 13.51
     66 1.35
     65 4.34
     65 16.3
     65 14.88
     65 14.85
     65 1.16
     64 6.04
     63 6.81
     63 2.06
     63 19.66
     63 16.75
     63 13.14
     63 0.97
     62 3.78
     62 16.25
     62 12.75
     62 12.69
     61 9.57
     61 3.9
     61 3.73
     61 18.26
     61 15.5
     61 15.25
     61 13.44
     61 12.99
     61 1.15
     60 17.7
     60 14.78
     60 14.75
     60 13.88
     60 10.5
     60 0.87
     60 0.4
     59 7.92
     59 5.97
     59 35.0
     59 17.96
     59 16.15
     59 14.55
     58 6.72
     58 18.05
     58 0.18
     57 3.37
     57 3.19
     57 18.56
     57 15.4
     57 15.15
     57 15.13
     57 14.8
     57 12.34
     56 5.72
     56 20.06
     56 1.74
     56 16.18
     56 15.6
     55 8.11
     55 7.04
     55 16.7
     55 1.39
     55 1.32
     55 1.07
     55 10.07
     54 7.71
     54 7.41
     54 4.13
     54 20.2
     54 18.36
     54 17.95
     54 15.48
     54 13.59
     54 11.4
     54 0.9
     53 9.51
     53 4.09
     53 19.16
     53 1.57
     52 6.23
     52 3.62
     52 17.32
     52 17.2
     52 12.9
     51 7.34
     51 6.64
     51 20.16
     51 19.36
     51 1.52
     51 13.89
     51 13.11
     50 5.27
     50 20.56
     50 20.08
     50 19.0
     50 17.55
     50 15.65
     50 1.45
     50 13.38
     49 18.95
     49 16.85
     49 16.78
     49 16.03
     49 15.23
     49 13.4
     49 13.29
     49 11.87
     48 3.81
     48 19.74
     48 1.95
     48 17.35
     48 15.75
     48 14.3
     47 4.71
     47 4.39
     47 2.42
     47 20.05
     47 18.32
     47 15.98
     47 14.18
     46 2.99
     46 2.01
     46 18.96
     46 17.75
     46 16.58
     46 1.51
     45 7.49
     45 5.73
     45 5.29
     45 19.86
     45 17.58
     45 16.6
     45 14.82
     45 1.44
     44 7.77
     44 7.02
     44 6.42
     44 3.93
     44 19.59
     44 18.15
     44 16.08
     44 14.04
     44 0.14
     44 0.12
     43 6.9
     43 5.1
     43 2.64
     43 19.56
     43 19.55
     43 18.55
     43 16.1
     43 14.64
     42 9.43
     42 8.31
     42 7.64
     42 7.62
     42 19.46
     42 19.45
     42 18.76
     42 18.58
     42 17.85
     42 16.35
     41 8.52
     41 7.61
     41 7.52
     41 19.05
     41 18.2
     41 17.25
     41 16.33
     41 15.09
     41 14.5
     40 7.91
     40 6.92
     40 4.6
     40 18.86
     40 1.49
     40 1.21
     40 10.61
     39 6.02
     39 5.4
     39 3.14
     39 19.26
     39 16.65
     39 1.56
     39 1.54
     39 14.34
     39 14.19
     39 0.33
     38 9.13
     38 8.22
     38 4.03
     38 2.31
     38 18.7
     38 18.65
     38 18.25
     38 17.19
     38 15.32
     38 11.07
     37 7.9
     37 3.17
     37 18.45
     37 0.58
     36 9.02
     36 7.79
     36 6.57
     36 3.52
     36 20.7
     36 20.66
     36 17.98
     36 14.49
     36 1.13
     35 6.27
     35 2.49
     35 21.06
     35 20.45
     35 19.95
     35 11.71
     35 100.0
     35 0.6
     34 2.61
     34 23.0
     34 17.38
     34 16.4
     34 15.24
     34 14.4
     34 1.17
     34 10.57
     33 8.42
     33 7.17
     33 2.72
     33 2.59
     33 2.11
     33 19.65
     33 19.15
     32 8.01
     32 7.01
     32 60.0
     32 4.11
     32 18.08
     32 17.82
     32 16.93
     32 15.54
     32 15.18
     32 14.79
     32 12.44
     32 0.93
     31 6.19
     31 4.41
     31 4.22
     31 3.01
     31 20.95
     31 12.12
     30 8.54
     30 4.43
     30 24.06
     30 21.56
     30 21.45
     30 18.82
     30 18.35
     30 17.8
     30 16.9
     30 16.14
     30 1.47
     30 12.57
     29 9.83
     29 8.83
     29 6.11
     29 5.81
     29 3.71
     29 21.32
     29 21.16
     29 20.36
     29 19.76
     29 18.88
     29 18.85
     29 18.8
     29 17.23
     29 15.38
     29 1.36
     29 10.02
     28 8.09
     28 8.02
     28 7.94
     28 6.94
     28 6.61
     28 4.9
     28 4.69
     28 2.89
     28 24.0
     28 2.34
     28 16.88
     28 15.39
     27 6.71
     27 5.63
     27 22.06
     27 21.66
     27 19.7
     27 19.32
     27 19.2
     27 18.84
     27 18.75
     27 16.74
     27 15.99
     27 14.94
     27 0.28
     26 8.53
     26 8.12
     26 7.21
     26 28.0
     26 26.0
     26 23.06
     26 22.16
     26 20.8
     26 20.32
     26 19.85
     26 1.94
     26 1.89
     26 18.28
     26 16.98
     26 1.69
     26 16.89
     26 1.27
     25 7.07
     25 6.87
     25 4.23
     25 27.0
     25 20.58
     25 19.25
     25 18.69
     25 17.53
     25 16.82
     25 16.38
     25 0.95
     24 9.22
     24 7.54
     24 7.24
     24 7.22
     24 7.12
     24 5.93
     24 3.67
     24 22.2
     24 20.86
     24 19.82
     24 1.82
     24 17.48
     24 17.3
     24 17.1
     24 16.8
     24 16.23
     24 15.68
     24 0.81
     24 0.16
     23 9.12
     23 6.62
     23 6.4
     23 5.23
     23 4.12
     23 2.47
     23 22.55
     23 21.95
     23 21.7
     23 20.82
     23 18.48
     23 17.5
     23 16.68
     22 6.52
     22 4.42
     22 23.45
     22 22.59
     22 22.45
     22 21.2
     22 21.0
     22 20.76
     22 20.26
     22 15.9
     22 15.3
     22 11.57
     22 1.05
     22 10.01
     21 9.52
     21 8.72
     21 8.24
     21 7.84
     21 7.72
     21 3.61
     21 3.41
     21 24.66
     21 24.05
     21 2.09
     21 19.14
     21 17.18
     21 17.04
     21 1.64
     21 13.34
     21 12.94
     21 0.71
     20 9.42
     20 8.37
     20 8.33
     20 7.93
     20 7.42
     20 7.03
     20 6.53
     20 5.03
     20 4.63
     20 4.53
     20 2.91
     20 23.32
     20 22.08
     20 21.05
     20 20.55
     20 19.58
     20 19.35
     20 18.6
     20 17.34
     20 16.63
     19 7.63
     19 6.17
     19 5.02
     19 4.72
     19 45.0
     19 4.07
     19 3.21
     19 30.05
     19 2.54
     19 22.82
     19 22.76
     19 21.4
     19 20.46
     19 20.15
     19 19.3
     19 1.81
     19 18.09
     19 16.44
     19 15.78
     19 10.11
     18 7.51
     18 7.47
     18 6.22
     18 5.92
     18 4.31
     18 3.51
     18 2.81
     18 24.16
     18 23.16
     18 22.7
     18 21.86
     18 21.76
     18 20.96
     18 20.9
     18 20.3
     18 19.96
     18 19.08
     18 18.98
     18 18.13
     18 17.6
     18 16.73
     18 14.41
     18 13.12
     18 11.22
     18 1.03
     18 0.35
     18 0.21
     18 0.17
     17 8.69
     17 4.81
     17 22.66
     17 22.46
     17 22.05
     17 21.96
     17 2.19
     17 21.82
     17 21.58
     17 21.08
     17 20.75
     17 20.4
     17 19.89
     17 19.44
     17 18.24
     17 17.64
     17 17.4
     17 16.5
     17 16.29
     17 13.83
     17 1.31
     17 10.52
     17 0.85
     17 0.41
     16 9.72
     16 9.61
     16 9.14
     16 8.71
     16 8.62
     16 8.41
     16 5.41
     16 5.13
     16 5.12
     16 4.93
     16 4.52
     16 24.58
     16 23.58
     16 22.3
     16 21.3
     16 20.49
     16 2.04
     16 19.8
     16 18.99
     16 1.87
     16 18.54
     16 18.1
     16 17.12
     16 1.67
     16 14.07
     16 13.01
     16 11.01
     16 0.23
     16 0.13
     15 9.41
     15 8.99
     15 8.81
     15 8.51
     15 7.81
     15 7.31
     15 5.62
     15 5.43
     15 27.16
     15 23.95
     15 23.26
     15 23.08
     15 22.15
     15 21.8
     15 21.65
     15 21.46
     15 21.39
     15 20.85
     15 20.64
     15 19.9
     15 19.48
     15 18.9
     15 17.83
     15 1.41
     15 12.61
     15 10.62
     15 0.59
     15 0.45
     15 0.44
     15 0.43
     15 0.38
     14 9.11
     14 8.92
     14 8.44
     14 80.0
     14 7.43
     14 6.79
     14 6.47
     14 6.43
     14 55.0
     14 33.0
     14 2.79
     14 27.2
     14 25.05
     14 23.38
     14 23.15
     14 22.36
     14 22.32
     14 21.36
     14 19.4
     14 17.28
     14 1.37
     14 13.57
     14 13.02
     14 10.31
     14 0.32
     14 0.19
     13 9.44
     13 9.34
     13 9.01
     13 8.39
     13 8.14
     13 6.49
     13 5.42
     13 4.61
     13 4.21
     13 32.0
     13 25.7
     13 24.24
     13 24.2
     13 23.66
     13 23.64
     13 22.95
     13 22.86
     13 22.56
     13 21.26
     13 21.15
     13 20.38
     13 20.34
     13 20.04
     13 18.3
     13 17.88
     13 17.78
     13 16.28
     13 15.69
     13 13.27
     13 12.22
     13 0.47
     13 0.36
     13 0.27
     12 9.81
     12 9.59
     12 9.33
     12 9.04
     12 8.27
     12 6.91
     12 3.31
     12 26.16
     12 26.06
     12 25.2
     12 25.14
     12 25.06
     12 24.56
     12 24.45
     12 24.28
     12 23.82
     12 22.75
     12 22.65
     12 21.55
     12 20.65
     12 19.33
     12 19.18
     12 18.73
     12 18.18
     12 18.14
     12 18.01
     12 17.79
     12 17.11
     12 16.07
     12 15.07
     12 13.72
     12 12.72
     12 12.11
     12 12.07
     12 11.02
     12 10.17
     11 9.31
     11 8.91
     11 8.29
     11 70.0
     11 6.67
     11 6.63
     11 5.71
     11 5.57
     11 5.51
     11 38.0
     11 3.77
     11 30.66
     11 30.2
     11 29.0
     11 26.45
     11 26.05
     11 25.66
     11 24.15
     11 23.36
     11 23.2
     11 22.8
     11 22.25
     11 22.22
     11 21.88
     11 21.35
     11 20.88
     11 20.35
     11 19.63
     11 19.38
     11 18.5
     11 18.39
     11 17.49
     11 14.14
     11 13.84
     11 13.13
     11 12.92
     11 12.42
     11 12.29
     11 11.31
     11 11.12
     11 10.42
     11 10.12
     11 0.64
     11 0.29
     11 0.26
     11 0.24
     10 9.27
     10 6.13
     10 5.59
     10 5.11
     10 3.91
     10 30.06
     10 28.16
     10 27.7
     10 27.06
     10 26.76
     10 26.56
     10 26.3
     10 26.15
     10 25.55
     10 25.08
     10 24.7
     10 24.4
     10 24.08
     10 23.49
     10 23.46
     10 22.88
     10 22.58
     10 21.9
     10 21.75
     10 21.5
     10 20.98
     10 20.94
     10 20.25
     10 19.5
     10 19.29
     10 19.28
     10 18.78
     10 18.42
     10 16.39
     10 16.01
     10 14.97
     10 13.17
     10 13.07
     10 12.62
     10 12.52
     10 12.02
     10 11.52
     10 11.21
     10 10.83
     10 10.81
     10 10.41
     10 0.83
     10 0.78
     10 0.65
     10 0.62
      9 9.92
      9 9.62
      9 6.03
      9 4.87
      9 4.51
      9 29.06
      9 28.45
      9 26.66
      9 25.8
      9 25.45
      9 25.38
      9 25.26
      9 25.16
      9 25.15
      9 24.96
      9 23.94
      9 23.76
      9 23.56
      9 23.55
      9 23.25
      9 22.78
      9 22.74
      9 22.38
      9 22.26
      9 22.18
      9 22.14
      9 21.85
      9 2.17
      9 21.24
      9 21.18
      9 21.1
      9 21.09
      9 20.6
      9 19.88
      9 18.68
      9 18.38
      9 17.62
      9 17.61
      9 1.76
      9 17.02
      9 16.62
      9 16.43
      9 16.22
      9 16.12
      9 15.93
      9 15.62
      9 15.01
      9 14.81
      9 14.72
      9 14.57
      9 14.52
      9 14.44
      9 13.21
      9 10.84
      9 10.71
      9 10.47
      9 10.34
      9 10.22
      9 0.98
      9 0.63
      9 0.57
      9 0.56
      9 0.52
      8 9.87
      8 8.74
      8 75.0
      8 65.0
      8 6.31
      8 6.01
      8 44.0
      8 36.05
      8 32.7
      8 32.16
      8 29.05
      8 28.74
      8 2.87
      8 2.71
      8 27.05
      8 26.94
      8 26.75
      8 25.59
      8 25.46
      8 24.95
      8 24.35
      8 24.32
      8 24.26
      8 23.6
      8 23.04
      8 22.96
      8 22.9
      8 22.4
      8 22.35
      8 22.33
      8 22.29
      8 21.84
      8 21.25
      8 20.79
      8 20.5
      8 20.28
      8 19.98
      8 19.6
      8 18.11
      8 17.57
      8 17.24
      8 1.71
      8 16.52
      8 16.41
      8 16.02
      8 15.71
      8 15.57
      8 14.43
      8 14.13
      8 13.92
      8 13.47
      8 12.27
      8 11.74
      8 10.91
      8 10.72
      8 0.48
      7 9.71
      7 8.63
      7 7.13
      7 5.77
      7 5.21
      7 4.97
      7 4.67
      7 40.16
      7 3.97
      7 32.66
      7 32.05
      7 30.56
      7 30.08
      7 29.76
      7 28.76
      7 28.2
      7 28.06
      7 27.58
      7 27.5
      7 27.28
      7 27.09
      7 26.6
      7 26.26
      7 25.88
      7 25.74
      7 25.4
      7 25.36
      7 24.85
      7 2.41
      7 24.09
      7 23.96
      7 23.8
      7 23.68
      7 23.65
      7 23.05
      7 22.89
      7 22.85
      7 22.5
      7 21.98
      7 21.78
      7 21.54
      7 21.48
      7 21.28
      7 20.62
      7 20.53
      7 20.18
      7 20.02
      7 19.93
      7 19.73
      7 19.68
      7 19.11
      7 19.1
      7 18.72
      7 18.71
      7 18.52
      7 18.07
      7 17.44
      7 16.92
      7 16.64
      7 16.31
      7 16.21
      7 16.13
      7 15.92
      7 15.51
      7 14.74
      7 14.61
      7 14.54
      7 14.33
      7 14.12
      7 13.62
      7 13.53
      7 12.51
      7 12.47
      7 12.01
      7 11.97
      7 11.42
      7 10.92
      7 0.91
      7 0.68
      7 0.61
      7 0.54
      7 0.34
      7 0.31
      6 9.64
      6 90.0
      6 8.89
      6 8.21
      6 7.99
      6 6.41
      6 48.0
      6 47.0
      6 4.27
      6 36.0
      6 31.28
      6 31.26
      6 30.16
      6 28.88
      6 28.56
      6 28.14
      6 27.98
      6 26.95
      6 26.2
      6 26.08
      6 25.95
      6 25.82
      6 25.44
      6 25.35
      6 25.32
      6 24.86
      6 24.65
      6 24.55
      6 24.54
      6 24.5
      6 24.46
      6 24.3
      6 24.1
      6 23.9
      6 23.86
      6 23.79
      6 23.75
      6 23.7
      6 23.4
      6 23.35
      6 23.34
      6 23.3
      6 2.24
      6 22.28
      6 20.73
      6 20.68
      6 20.57
      6 20.48
      6 20.14
      6 20.11
      6 20.1
      6 1.97
      6 19.67
      6 19.22
      6 18.61
      6 18.23
      6 18.04
      6 17.92
      6 17.74
      6 17.52
      6 17.31
      6 16.42
      6 16.34
      6 16.24
      6 16.04
      6 15.79
      6 15.61
      6 15.22
      6 15.21
      6 15.12
      6 15.11
      6 15.04
      6 15.03
      6 14.84
      6 14.62
      6 14.31
      6 14.22
      6 13.71
      6 13.54
      6 12.97
      6 11.44
      6 11.43
      6 10.13
      6 0.39
      6 0.37
      5 9.91
      5 9.74
      5 8.93
      5 7.97
      5 7.53
      5 7.09
      5 6.93
      5 62.0
      5 6.07
      5 5.47
      5 44.16
      5 41.38
      5 40.06
      5 37.7
      5 37.58
      5 37.06
      5 35.25
      5 33.48
      5 33.32
      5 32.48
      5 31.2
      5 31.0
      5 30.8
      5 30.46
      5 30.3
      5 30.28
      5 30.24
      5 29.96
      5 29.86
      5 29.8
      5 29.46
      5 29.1
      5 28.95
      5 28.8
      5 28.7
      5 28.58
      5 28.28
      5 27.95
      5 27.88
      5 27.8
      5 27.76
      5 27.66
      5 27.48
      5 27.24
      5 27.08
      5 26.64
      5 26.58
      5 26.5
      5 26.36
      5 26.32
      5 26.19
      5 25.98
      5 25.3
      5 25.1
      5 24.99
      5 24.98
      5 24.88
      5 24.82
      5 24.8
      5 24.69
      5 24.57
      5 23.98
      5 23.88
      5 23.73
      5 23.57
      5 23.48
      5 23.28
      5 23.19
      5 23.02
      5 23.01
      5 22.98
      5 2.27
      5 22.6
      5 22.52
      5 22.44
      5 22.12
      5 22.1
      5 21.6
      5 21.38
      5 21.13
      5 20.92
      5 20.23
      5 20.19
      5 20.07
      5 20.01
      5 200.0
      5 19.87
      5 19.51
      5 18.81
      5 18.67
      5 18.44
      5 18.12
      5 17.81
      5 17.54
      5 17.51
      5 17.41
      5 17.22
      5 17.21
      5 17.07
      5 16.94
      5 16.91
      5 16.61
      5 16.54
      5 16.51
      5 16.49
      5 15.94
      5 15.37
      5 15.14
      5 14.92
      5 14.42
      5 13.77
      5 13.61
      5 13.52
      5 13.37
      5 13.19
      5 12.91
      5 12.71
      5 12.67
      5 12.64
      5 12.63
      5 12.41
      5 12.33
      5 12.14
      5 12.04
      5 11.72
      5 11.67
      5 11.61
      5 11.51
      5 11.27
      5 11.14
      5 11.13
      5 11.09
      5 10.97
      5 10.67
      5 10.39
      5 10.24
      5 10.19
      5 10.09
      5 0.73
      5 0.53
      5 0.46
      4 9.94
      4 9.77
      4 9.29
      4 8.67
      4 8.43
      4 6.77
      4 61.42
      4 56.0
      4 53.0
      4 5.17
      4 45.24
      4 40.05
      4 39.0
      4 38.8
      4 38.2
      4 37.38
      4 37.0
      4 36.61
      4 36.06
      4 35.86
      4 35.66
      4 35.08
      4 35.05
      4 34.58
      4 34.38
      4 33.78
      4 33.46
      4 33.38
      4 33.06
      4 32.55
      4 31.88
      4 31.78
      4 31.46
      4 31.45
      4 31.3
      4 30.99
      4 30.58
      4 29.95
      4 29.68
      4 29.38
      4 29.36
      4 29.26
      4 29.25
      4 28.89
      4 28.85
      4 28.66
      4 28.51
      4 28.38
      4 28.29
      4 28.26
      4 27.99
      4 27.71
      4 27.65
      4 27.36
      4 27.32
      4 26.85
      4 26.8
      4 26.7
      4 26.49
      4 26.25
      4 25.96
      4 25.89
      4 25.86
      4 25.58
      4 25.48
      4 25.29
      4 25.28
      4 25.25
      4 25.07
      4 25.02
      4 24.84
      4 24.75
      4 24.39
      4 23.78
      4 23.23
      4 23.11
      4 23.1
      4 22.68
      4 22.57
      4 22.51
      4 22.48
      4 22.41
      4 22.07
      4 21.99
      4 21.69
      4 21.43
      4 21.23
      4 21.14
      4 21.07
      4 20.78
      4 20.22
      4 19.83
      4 19.57
      4 19.42
      4 19.24
      4 19.23
      4 19.12
      4 19.07
      4 19.02
      4 18.74
      4 18.64
      4 18.57
      4 18.34
      4 18.31
      4 17.73
      4 17.14
      4 16.79
      4 16.71
      4 16.53
      4 15.89
      4 15.74
      4 15.63
      4 15.44
      4 15.42
      4 15.41
      4 15.31
      4 15.02
      4 14.99
      4 14.91
      4 14.71
      4 14.37
      4 14.21
      4 14.11
      4 14.01
      4 13.41
      4 13.31
      4 13.22
      4 12.93
      4 12.87
      4 12.81
      4 12.31
      4 12.17
      4 11.93
      4 11.92
      4 11.89
      4 11.77
      4 11.62
      4 11.24
      4 110.0
      4 10.94
      4 10.64
      4 10.54
      4 10.51
      4 10.49
      4 0.42
      3 9.97
      3 9.53
      3 8.87
      3 85.0
      3 82.0
      3 8.13
      3 67.0
      3 66.0
      3 65.92
      3 5.87
      3 55.55
      3 54.0
      3 52.06
      3 52.0
      3 50.06
      3 50.05
      3 45.16
      3 43.06
      3 43.0
      3 40.4
      3 40.04
      3 39.76
      3 39.06
      3 38.85
      3 38.04
      3 37.29
      3 37.16
      3 36.45
      3 36.24
      3 36.16
      3 35.94
      3 35.8
      3 35.48
      3 35.35
      3 35.3
      3 35.11
      3 35.06
      3 34.7
      3 34.14
      3 34.06
      3 34.05
      3 33.98
      3 33.8
      3 33.66
      3 33.2
      3 32.95
      3 32.58
      3 32.34
      3 32.19
      3 32.08
      3 31.74
      3 31.7
      3 31.6
      3 31.59
      3 31.56
      3 31.55
      3 31.38
      3 31.32
      3 31.25
      3 31.16
      3 31.06
      3 30.84
      3 30.7
      3 30.69
      3 30.45
      3 30.26
      3 30.15
      3 30.07
      3 30.03
      3 300.0
      3 29.88
      3 29.82
      3 29.78
      3 29.71
      3 29.66
      3 29.5
      3 29.49
      3 29.16
      3 29.08
      3 28.86
      3 28.61
      3 28.59
      3 28.48
      3 28.32
      3 28.31
      3 28.3
      3 28.25
      3 28.18
      3 28.05
      3 27.84
      3 27.69
      3 27.68
      3 27.57
      3 27.55
      3 27.39
      3 27.38
      3 27.3
      3 27.26
      3 27.23
      3 27.21
      3 27.18
      3 27.11
      3 26.98
      3 26.86
      3 26.81
      3 26.71
      3 26.65
      3 26.55
      3 26.38
      3 26.04
      3 25.85
      3 25.76
      3 25.68
      3 25.6
      3 25.56
      3 25.5
      3 25.18
      3 24.81
      3 24.68
      3 24.48
      3 24.36
      3 24.23
      3 24.13
      3 23.5
      3 23.18
      3 23.07
      3 22.71
      3 22.03
      3 21.81
      3 21.73
      3 21.52
      3 21.12
      3 21.01
      3 20.71
      3 20.69
      3 20.52
      3 19.64
      3 19.61
      3 19.21
      3 1.91
      3 19.01
      3 18.94
      3 18.02
      3 17.42
      3 17.01
      3 16.83
      3 16.57
      3 16.19
      3 16.11
      3 16.09
      3 15.91
      3 15.87
      3 15.83
      3 15.81
      3 15.34
      3 15.19
      3 14.93
      3 14.51
      3 14.47
      3 14.03
      3 13.94
      3 13.91
      3 13.81
      3 13.64
      3 13.43
      3 11.81
      3 11.69
      3 11.59
      3 11.41
      3 11.39
      3 11.37
      3 11.33
      3 10.87
      3 10.77
      3 10.27
      3 10.21
      3 10.04
      3 0.51
      3 0.49
      2 99.99
      2 99.0
      2 9.19
      2 9.17
      2 9.03
      2 88.0
      2 8.77
      2 8.59
      2 8.47
      2 80.66
      2 7.69
      2 7.67
      2 75.75
      2 7.57
      2 73.0
      2 7.27
      2 70.05
      2 65.27
      2 62.55
      2 61.38
      2 60.56
      2 60.08
      2 60.05
      2 60.01
      2 59.35
      2 58.0
      2 57.0
      2 55.86
      2 55.11
      2 54.25
      2 53.3
      2 52.86
      2 52.55
      2 51.78
      2 51.7
      2 51.0
      2 50.88
      2 50.66
      2 50.03
      2 47.5
      2 47.2
      2 45.86
      2 45.39
      2 45.05
      2 44.98
      2 44.86
      2 44.58
      2 44.35
      2 44.28
      2 43.68
      2 43.46
      2 43.28
      2 42.25
      2 42.08
      2 42.0
      2 41.86
      2 41.78
      2 41.41
      2 41.32
      2 40.88
      2 40.66
      2 40.56
      2 40.31
      2 40.2
      2 39.95
      2 39.84
      2 39.73
      2 39.46
      2 39.2
      2 39.16
      2 38.95
      2 38.88
      2 38.66
      2 38.58
      2 38.36
      2 38.3
      2 38.1
      2 38.06
      2 38.05
      2 37.93
      2 37.8
      2 37.79
      2 37.76
      2 37.75
      2 37.45
      2 37.36
      2 37.28
      2 37.25
      2 36.99
      2 36.92
      2 36.76
      2 36.46
      2 36.09
      2 35.9
      2 35.88
      2 35.32
      2 35.19
      2 35.15
      2 34.89
      2 34.86
      2 34.71
      2 34.68
      2 34.59
      2 34.56
      2 34.48
      2 34.36
      2 34.3
      2 34.2
      2 34.16
      2 34.1
      2 34.08
      2 34.0
      2 33.99
      2 33.97
      2 33.95
      2 33.88
      2 33.86
      2 33.76
      2 33.7
      2 33.56
      2 33.54
      2 33.5
      2 33.45
      2 33.39
      2 33.33
      2 33.25
      2 33.18
      2 33.05
      2 32.83
      2 32.76
      2 32.53
      2 32.5
      2 32.45
      2 32.35
      2 32.26
      2 32.25
      2 32.22
      2 32.06
      2 31.98
      2 31.95
      2 31.58
      2 31.48
      2 31.22
      2 31.07
      2 30.96
      2 30.82
      2 30.75
      2 30.5
      2 30.41
      2 30.21
      2 30.11
      2 30.09
      2 29.9
      2 29.73
      2 29.6
      2 29.58
      2 29.56
      2 29.51
      2 29.48
      2 29.45
      2 29.4
      2 29.35
      2 29.3
      2 29.28
      2 29.19
      2 29.18
      2 29.15
      2 29.11
      2 28.98
      2 28.96
      2 28.82
      2 28.78
      2 28.75
      2 28.71
      2 28.65
      2 28.55
      2 28.46
      2 28.41
      2 28.4
      2 28.35
      2 28.15
      2 28.11
      2 28.08
      2 27.96
      2 27.92
      2 27.91
      2 27.78
      2 27.63
      2 27.56
      2 27.51
      2 27.45
      2 27.35
      2 27.25
      2 27.14
      2 27.07
      2 27.01
      2 26.96
      2 26.91
      2 26.9
      2 26.82
      2 26.79
      2 26.53
      2 26.48
      2 26.4
      2 26.35
      2 26.28
      2 26.27
      2 26.22
      2 26.18
      2 26.12
      2 26.07
      2 25.77
      2 25.75
      2 25.65
      2 25.62
      2 25.61
      2 25.41
      2 25.11
      2 25.04
      2 24.76
      2 24.72
      2 24.6
      2 24.42
      2 24.38
      2 24.31
      2 24.11
      2 24.07
      2 24.02
      2 23.91
      2 23.85
      2 23.83
      2 23.72
      2 23.71
      2 23.53
      2 23.52
      2 23.37
      2 23.33
      2 23.12
      2 22.94
      2 22.77
      2 22.73
      2 22.42
      2 22.21
      2 22.11
      2 21.64
      2 21.61
      2 21.57
      2 21.47
      2 21.11
      2 20.84
      2 20.72
      2 20.61
      2 20.51
      2 20.42
      2 20.41
      2 20.31
      2 20.24
      2 20.13
      2 20.03
      2 19.99
      2 19.94
      2 19.92
      2 19.71
      2 19.62
      2 19.54
      2 19.53
      2 19.34
      2 19.27
      2 19.04
      2 18.97
      2 18.93
      2 18.87
      2 18.79
      2 18.63
      2 18.62
      2 18.51
      2 18.41
      2 18.29
      2 18.22
      2 18.21
      2 18.03
      2 17.97
      2 17.91
      2 17.87
      2 17.72
      2 17.37
      2 17.33
      2 17.09
      2 17.03
      2 16.99
      2 16.84
      2 16.81
      2 16.69
      2 16.37
      2 16.17
      2 15.97
      2 15.72
      2 15.52
      2 15.47
      2 15.33
      2 15.29
      2 14.63
      2 14.59
      2 14.29
      2 14.17
      2 14.02
      2 13.99
      2 13.09
      2 130.0
      2 12.83
      2 12.77
      2 12.74
      2 12.49
      2 12.37
      2 12.03
      2 120.0
      2 11.91
      2 11.84
      2 11.63
      2 115.0
      2 11.29
      2 111.0
      2 10.99
      2 10.69
      2 10.43
      2 100.8
      1 9.93
      1 99.1
      1 98.79
      1 98.76
      1 98.08
      1 96.95
      1 9.67
      1 96.32
      1 9.63
      1 95.57
      1 95.0
      1 9.49
      1 92.95
      1 91.45
      1 91.37
      1 90.45
      1 90.3
      1 90.09
      1 88.88
      1 88.8
      1 88.58
      1 87.88
      1 87.33
      1 86.93
      1 86.3
      1 85.96
      1 85.8
      1 85.44
      1 85.4
      1 84.54
      1 83.15
      1 83.1
      1 83.0
      1 82.8
      1 82.66
      1 81.8
      1 8.17
      1 80.88
      1 80.34
      1 8.03
      1 80.06
      1 79.88
      1 79.65
      1 79.06
      1 78.99
      1 7.87
      1 77.51
      1 75.99
      1 75.9
      1 75.6
      1 75.2
      1 74.66
      1 74.58
      1 74.3
      1 74.2
      1 73.98
      1 7.39
      1 72.8
      1 72.66
      1 72.3
      1 72.08
      1 72.0
      1 71.64
      1 71.48
      1 71.42
      1 71.0
      1 70.7
      1 70.66
      1 70.38
      1 70.29
      1 70.06
      1 6.97
      1 69.65
      1 69.58
      1 69.2
      1 68.82
      1 68.66
      1 68.64
      1 68.56
      1 68.42
      1 68.4
      1 68.32
      1 68.26
      1 68.11
      1 68.0
      1 67.86
      1 67.83
      1 67.76
      1 67.66
      1 67.49
      1 67.4
      1 67.32
      1 66.54
      1 66.45
      1 65.82
      1 65.55
      1 65.2
      1 65.16
      1 65.11
      1 64.61
      1 64.59
      1 64.56
      1 64.33
      1 64.18
      1 64.1
      1 64.0
      1 63.72
      1 63.65
      1 63.63
      1 63.58
      1 63.56
      1 63.36
      1 63.0
      1 62.7
      1 62.1
      1 62.08
      1 62.05
      1 62.04
      1 61.72
      1 61.7
      1 61.68
      1 61.03
      1 61.0
      1 60.99
      1 60.7
      1 60.6
      1 60.26
      1 60.16
      1 60.06
      1 59.71
      1 59.61
      1 59.56
      1 59.45
      1 59.26
      1 59.11
      1 59.08
      1 59.0
      1 58.83
      1 58.8
      1 58.33
      1 58.25
      1 58.11
      1 57.99
      1 57.96
      1 57.88
      1 57.78
      1 57.76
      1 57.62
      1 57.26
      1 56.66
      1 56.62
      1 56.42
      1 56.28
      1 56.25
      1 55.9
      1 55.88
      1 55.8
      1 55.78
      1 55.7
      1 55.36
      1 55.3
      1 55.2
      1 55.05
      1 54.67
      1 54.66
      1 54.45
      1 54.36
      1 54.3
      1 54.24
      1 54.16
      1 53.84
      1 53.8
      1 53.77
      1 53.66
      1 53.56
      1 53.38
      1 53.18
      1 53.16
      1 53.01
      1 52.85
      1 52.81
      1 52.73
      1 52.71
      1 52.7
      1 52.66
      1 52.61
      1 52.56
      1 52.5
      1 52.48
      1 52.27
      1 52.21
      1 52.15
      1 51.96
      1 51.88
      1 51.84
      1 51.66
      1 51.45
      1 51.33
      1 51.28
      1 51.19
      1 51.11
      1 50.82
      1 50.8
      1 50.76
      1 50.7
      1 50.68
      1 50.65
      1 50.58
      1 50.56
      1 50.5
      1 50.23
      1 50.2
      1 50.16
      1 50.15
      1 50.08
      1 49.95
      1 49.88
      1 49.85
      1 49.79
      1 49.61
      1 49.48
      1 49.32
      1 49.27
      1 49.18
      1 49.0
      1 48.99
      1 48.96
      1 48.86
      1 48.81
      1 48.8
      1 48.66
      1 48.56
      1 48.54
      1 48.46
      1 48.36
      1 48.28
      1 48.26
      1 48.09
      1 48.06
      1 48.05
      1 47.98
      1 47.8
      1 47.73
      1 47.7
      1 47.68
      1 47.66
      1 47.58
      1 47.53
      1 47.39
      1 47.32
      1 47.3
      1 47.12
      1 47.1
      1 46.95
      1 46.9
      1 46.88
      1 46.78
      1 46.7
      1 46.66
      1 46.6
      1 46.58
      1 46.36
      1 46.33
      1 46.31
      1 46.25
      1 46.2
      1 46.18
      1 46.16
      1 46.08
      1 46.06
      1 46.0
      1 45.84
      1 45.8
      1 45.76
      1 45.73
      1 4.57
      1 45.66
      1 45.56
      1 45.55
      1 45.5
      1 45.38
      1 45.36
      1 45.31
      1 45.26
      1 45.2
      1 45.12
      1 45.09
      1 45.08
      1 45.02
      1 45.01
      1 44.85
      1 44.81
      1 44.7
      1 44.66
      1 44.61
      1 44.38
      1 44.15
      1 44.1
      1 44.06
      1 43.96
      1 43.95
      1 43.88
      1 43.75
      1 43.66
      1 43.65
      1 43.61
      1 43.6
      1 43.55
      1 43.48
      1 43.36
      1 43.29
      1 43.26
      1 43.12
      1 43.05
      1 43.03
      1 42.98
      1 42.96
      1 42.95
      1 42.92
      1 42.91
      1 42.76
      1 42.73
      1 42.7
      1 42.6
      1 42.58
      1 42.55
      1 42.46
      1 42.45
      1 42.4
      1 42.39
      1 42.37
      1 42.36
      1 42.3
      1 42.24
      1 42.18
      1 42.15
      1 42.09
      1 42.05
      1 42.03
      1 41.98
      1 41.88
      1 41.85
      1 41.8
      1 41.76
      1 41.62
      1 41.5
      1 41.48
      1 41.47
      1 41.45
      1 41.44
      1 41.36
      1 41.35
      1 41.3
      1 41.28
      1 41.25
      1 41.21
      1 41.19
      1 41.18
      1 41.15
      1 41.12
      1 41.08
      1 41.05
      1 41.02
      1 40.96
      1 40.95
      1 40.86
      1 40.83
      1 40.82
      1 40.73
      1 40.71
      1 40.63
      1 40.59
      1 40.58
      1 40.47
      1 40.46
      1 404.44
      1 40.44
      1 40.38
      1 40.32
      1 40.3
      1 40.29
      1 40.28
      1 40.22
      1 40.1
      1 40.09
      1 40.08
      1 40.01
      1 39.99
      1 39.92
      1 39.9
      1 39.86
      1 39.81
      1 39.78
      1 39.68
      1 39.66
      1 39.61
      1 39.58
      1 39.56
      1 39.55
      1 39.51
      1 39.38
      1 39.36
      1 39.24
      1 39.05
      1 39.04
      1 38.9
      1 38.86
      1 38.78
      1 38.76
      1 38.75
      1 38.72
      1 38.68
      1 38.64
      1 38.61
      1 38.6
      1 38.55
      1 38.48
      1 38.46
      1 38.45
      1 38.34
      1 38.32
      1 38.28
      1 38.23
      1 38.18
      1 38.08
      1 37.99
      1 37.88
      1 37.81
      1 37.78
      1 37.74
      1 37.69
      1 37.68
      1 37.65
      1 37.63
      1 37.62
      1 37.59
      1 37.56
      1 37.5
      1 37.48
      1 37.44
      1 37.35
      1 37.31
      1 372.36
      1 37.21
      1 37.13
      1 37.08
      1 37.03
      1 37.01
      1 36.9
      1 36.84
      1 36.82
      1 36.78
      1 36.73
      1 36.71
      1 36.7
      1 36.66
      1 36.65
      1 36.6
      1 36.58
      1 36.56
      1 36.51
      1 36.5
      1 36.43
      1 36.42
      1 36.4
      1 36.38
      1 36.36
      1 36.31
      1 36.28
      1 36.27
      1 36.25
      1 36.18
      1 36.15
      1 36.12
      1 36.08
      1 35.97
      1 35.93
      1 35.87
      1 35.82
      1 35.81
      1 35.79
      1 35.78
      1 35.75
      1 35.72
      1 35.7
      1 35.69
      1 35.58
      1 35.56
      1 35.49
      1 35.45
      1 35.38
      1 35.36
      1 35.33
      1 35.28
      1 35.26
      1 35.2
      1 35.18
      1 35.01
      1 34.98
      1 34.95
      1 34.85
      1 34.8
      1 34.78
      1 34.75
      1 34.74
      1 34.66
      1 34.6
      1 34.55
      1 34.51
      1 34.46
      1 34.45
      1 34.44
      1 34.42
      1 34.41
      1 34.4
      1 34.29
      1 34.25
      1 34.23
      1 34.22
      1 34.17
      1 34.15
      1 34.04
      1 34.03
      1 34.01
      1 33.85
      1 33.84
      1 33.83
      1 33.73
      1 33.69
      1 33.67
      1 33.65
      1 33.64
      1 33.58
      1 33.52
      1 33.51
      1 33.43
      1 33.42
      1 33.41
      1 33.36
      1 33.35
      1 33.34
      1 33.22
      1 33.21
      1 33.16
      1 33.09
      1 33.08
      1 32.98
      1 32.96
      1 32.94
      1 32.86
      1 32.85
      1 32.82
      1 32.81
      1 32.78
      1 32.75
      1 32.72
      1 32.69
      1 32.68
      1 32.64
      1 32.61
      1 32.6
      1 32.56
      1 32.52
      1 32.51
      1 32.49
      1 32.39
      1 32.38
      1 32.36
      1 323.0
      1 32.3
      1 32.2
      1 32.18
      1 32.15
      1 32.11
      1 32.1
      1 31.96
      1 31.85
      1 31.82
      1 31.81
      1 31.79
      1 31.73
      1 31.71
      1 31.65
      1 31.62
      1 31.61
      1 31.57
      1 31.52
      1 31.44
      1 31.4
      1 31.39
      1 31.31
      1 31.29
      1 31.19
      1 31.17
      1 31.14
      1 31.08
      1 30.98
      1 30.88
      1 30.86
      1 30.85
      1 30.78
      1 30.68
      1 30.6
      1 30.55
      1 30.54
      1 30.39
      1 30.38
      1 30.35
      1 30.25
      1 30.23
      1 30.22
      1 30.18
      1 29.83
      1 29.79
      1 29.75
      1 29.7
      1 29.65
      1 29.63
      1 29.55
      1 29.53
      1 29.52
      1 29.47
      1 29.41
      1 29.34
      1 29.32
      1 29.23
      1 29.21
      1 29.2
      1 29.04
      1 289.45
      1 28.93
      1 28.92
      1 28.91
      1 28.77
      1 28.6
      1 28.57
      1 28.53
      1 28.52
      1 28.44
      1 28.36
      1 28.24
      1 28.22
      1 28.21
      1 28.12
      1 28.1
      1 28.07
      1 28.02
      1 28.01
      1 27.93
      1 27.87
      1 27.85
      1 27.64
      1 27.61
      1 27.6
      1 27.52
      1 27.42
      1 27.41
      1 27.34
      1 27.31
      1 27.27
      1 27.15
      1 27.13
      1 27.03
      1 26.97
      1 26.88
      1 26.78
      1 26.77
      1 26.73
      1 26.61
      1 26.51
      1 26.44
      1 26.43
      1 26.41
      1 26.39
      1 26.37
      1 26.31
      1 26.23
      1 26.21
      1 26.14
      1 26.11
      1 26.1
      1 26.01
      1 25.94
      1 25.93
      1 25.92
      1 25.87
      1 25.78
      1 25.73
      1 25.71
      1 25.63
      1 25.54
      1 25.52
      1 25.47
      1 25.39
      1 25.33
      1 25.27
      1 25.24
      1 25.23
      1 25.22
      1 25.21
      1 25.12
      1 25.01
      1 24.93
      1 24.92
      1 24.9
      1 24.78
      1 24.74
      1 24.73
      1 24.63
      1 24.62
      1 24.52
      1 24.51
      1 24.41
      1 24.27
      1 24.25
      1 24.21
      1 24.18
      1 24.17
      1 24.14
      1 24.03
      1 239.0
      1 23.87
      1 23.84
      1 23.77
      1 23.69
      1 23.67
      1 23.62
      1 23.47
      1 23.43
      1 23.42
      1 23.41
      1 23.22
      1 23.13
      1 22.92
      1 22.91
      1 22.81
      1 22.69
      1 22.64
      1 22.63
      1 22.62
      1 22.53
      1 22.49
      1 22.31
      1 22.23
      1 222.22
      1 22.17
      1 22.04
      1 22.01
      1 220.0
      1 21.97
      1 21.94
      1 21.92
      1 21.89
      1 21.87
      1 21.83
      1 21.77
      1 21.74
      1 21.71
      1 21.68
      1 21.67
      1 21.51
      1 21.49
      1 21.41
      1 21.37
      1 21.27
      1 21.17
      1 21.03
      1 20.99
      1 20.91
      1 20.83
      1 20.81
      1 20.77
      1 20.74
      1 20.54
      1 20.44
      1 20.29
      1 20.27
      1 200.18
      1 19.91
      1 19.84
      1 19.79
      1 19.77
      1 19.72
      1 19.69
      1 19.43
      1 19.37
      1 19.31
      1 19.19
      1 18.92
      1 18.91
      1 18.89
      1 18.83
      1 18.59
      1 18.53
      1 18.37
      1 18.27
      1 182.46
      1 17.89
      1 178.73
      1 17.84
      1 17.77
      1 17.71
      1 17.69
      1 17.59
      1 17.47
      1 17.43
      1 17.39
      1 17.29
      1 17.27
      1 17.13
      1 16.77
      1 16.72
      1 16.67
      1 16.47
      1 16.27
      1 1.61
      1 158.82
      1 15.67
      1 15.64
      1 15.59
      1 15.53
      1 15.49
      1 15.17
      1 150.0
      1 14.89
      1 14.87
      1 148.3
      1 14.77
      1 147.36
      1 14.67
      1 14.39
      1 14.27
      1 14.24
      1 141.14
      1 14.09
      1 140.86
      1 13.97
      1 13.87
      1 13.79
      1 134.34
      1 13.42
      1 13.39
      1 13.04
      1 12.89
      1 127.69
      1 12.59
      1 117.77
      1 116.62
      1 11.54
      1 113.0
      1 112.2
      1 112.0
      1 111.11
      1 11.03
      1 10.79
      1 10.53
      1 103.02
      1 102.27
      1 101.0
